echartData/gfs.js
{"header": {"discipline":0,"disciplineName":"Meteorological products","gribEdition":2,"gribLength":133963,"center":7,"centerName":"US National Weather Service - NCEP(WMC)","subcenter":0,"refTime":"2014-11-30T06:00:00.000Z","significanceOfRT":1,"significanceOfRTName":"Start of forecast","productStatus":0,"productStatusName":"Operational products","productType":1,"productTypeName":"Forecast products","productDefinitionTemplate":0,"productDefinitionTemplateName":"Analysis/forecast at horizontal level/layer at a point in time","parameterCategory":2,"parameterCategoryName":"Momentum","parameterNumber":2,"parameterNumberName":"U-component_of_wind","parameterUnit":"m.s-1","genProcessType":2,"genProcessTypeName":"Forecast","forecastTime":6,"surface1Type":100,"surface1TypeName":"Isobaric surface","surface1Value":85000,"surface2Type":255,"surface2TypeName":"Missing","surface2Value":0,"gridDefinitionTemplate":0,"gridDefinitionTemplateName":"Latitude_Longitude","numberPoints":65160,"shape":6,"shapeName":"Earth spherical with radius of 6,371,229.0 m","gridUnits":"degrees","resolution":48,"winds":"true","scanMode":0,"nx":360,"ny":181,"basicAngle":0,"subDivisions":0,"lo1":0,"la1":90,"lo2":359,"la2":-90,"dx":1,"dy":1}, "data":
[rows 0 to 34 of 181, columns 0 to 78 of 360]
3.88,4.04,4.19,4.34,4.49,4.64,4.78,4.93,5.07,5.22,5.36,5.49,5.63,5.77,5.9,6.03,6.16,6.29,6.42,6.54,6.66,6.78,6.9,7.02,7.13,7.25,7.35,7.46,7.57,7.67,7.77,7.87,7.96,8.06,8.15,8.24,8.32,8.41,8.49,8.57,8.64,8.71,8.78,8.85,8.92,8.98,9.04,9.1,9.15,9.2,9.25,9.29,9.34,9.38,9.41,9.45,9.48,9.51,9.53,9.56,9.58,9.59,9.61,9.62,9.62,9.63,9.63,9.63,9.63,9.62,9.61,9.6,9.58,9.56,9.54,9.52,9.49,9.46,9.43
4.62,4.75,4.88,5.01,5.14,5.26,5.39,5.51,5.62,5.73,5.85,5.96,6.06,6.17,6.27,6.37,6.47,6.57,6.66,6.75,6.84,6.94,7.02,7.11,7.2,7.28,7.36,7.44,7.52,7.6,7.68,7.75,7.83,7.9,7.97,8.05,8.12,8.19,8.26,8.32,8.39,8.45,8.52,8.58,8.64,8.7,8.76,8.82,8.87,8.92,8.98,9.03,9.07,9.12,9.16,9.2,9.24,9.28,9.31,9.34,9.37,9.4,9.43,9.45,9.47,9.49,9.5,9.52,9.53,9.53,9.54,9.54,9.55,9.54,9.54,9.54,9.53,9.52,9.51
6.73,6.92,7.09,7.25,7.4,7.55,7.7,7.82,7.95,8.08,8.19,8.29,8.39,8.49,8.58,8.67,8.74,8.82,8.89,8.96,9.02,9.08,9.14,9.2,9.25,9.31,9.36,9.41,9.46,9.5,9.56,9.61,9.66,9.72,9.78,9.84,9.9,9.95,10.02,10.1,10.17,10.25,10.32,10.4,10.49,10.57,10.65,10.74,10.82,10.9,10.98,11.06,11.14,11.21,11.28,11.35,11.41,11.47,11.52,11.57,11.62,11.66,11.7,11.74,11.77,11.8,11.83,11.87,11.9,11.94,11.97,12.02,12.06,12.11,12.16,12.23,12.3,12.38,12.46
8.1,8.36,8.6,8.85,9.08,9.3,9.51,9.72,9.91,10.09,10.26,10.42,10.55,10.69,10.8,10.91,11,11.08,11.16,11.23,11.29,11.35,11.4,11.45,11.51,11.57,11.63,11.7,11.77,11.86,11.95,12.04,12.15,12.26,12.38,12.52,12.64,12.79,12.94,13.08,13.24,13.39,13.55,13.71,13.86,14.02,14.18,14.33,14.48,14.62,14.75,14.87,14.97,15.07,15.14,15.19,15.22,15.23,15.22,15.19,15.15,15.09,15.02,14.94,14.86,14.78,14.7,14.62,14.55,14.49,14.44,14.4,14.37,14.35,14.35,14.37,14.4,14.44,14.49
5.72,5.92,6.12,6.34,6.56,6.79,7.03,7.27,7.5,7.73,7.94,8.12,8.27,8.39,8.48,8.54,8.55,8.56,8.54,8.53,8.51,8.51,8.53,8.57,8.64,8.72,8.83,8.94,9.07,9.19,9.31,9.42,9.52,9.6,9.66,9.72,9.78,9.83,9.88,9.94,10.01,10.09,10.17,10.25,10.33,10.4,10.46,10.5,10.53,10.54,10.53,10.51,10.46,10.39,10.29,10.19,10.07,9.95,9.82,9.7,9.61,9.52,9.47,9.45,9.47,9.52,9.61,9.72,9.87,10.04,10.23,10.44,10.66,10.89,11.14,11.39,11.65,11.91,12.17
6.18,6.4,6.61,6.83,7.06,7.31,7.58,7.86,8.16,8.46,8.75,9.02,9.24,9.42,9.56,9.65,9.72,9.76,9.79,9.83,9.87,9.92,9.97,10.02,10.08,10.12,10.15,10.17,10.17,10.16,10.13,10.09,10.04,9.98,9.91,9.84,9.75,9.65,9.54,9.41,9.26,9.09,8.9,8.68,8.45,8.19,7.94,7.7,7.48,7.29,7.14,7.03,6.97,6.95,6.97,7.01,7.08,7.17,7.25,7.35,7.45,7.56,7.65,7.75,7.85,7.93,8.01,8.1,8.17,8.26,8.36,8.46,8.58,8.7,8.82,8.95,9.06,9.17,9.27
7.41,7.82,8.22,8.6,8.96,9.3,9.62,9.92,10.2,10.46,10.7,10.91,11.11,11.28,11.44,11.59,11.75,11.93,12.12,12.35,12.59,12.82,13.06,13.26,13.42,13.52,13.56,13.53,13.41,13.23,12.99,12.72,12.45,12.18,11.92,11.67,11.43,11.2,10.94,10.66,10.34,9.96,9.54,9.06,8.55,8.02,7.5,7.02,6.6,6.25,5.99,5.81,5.7,5.65,5.64,5.65,5.66,5.65,5.62,5.58,5.53,5.48,5.43,5.41,5.39,5.39,5.4,5.41,5.41,5.38,5.34,5.27,5.19,5.07,4.94,4.81,4.67,4.53,4.4
5.79,5.87,5.96,6.09,6.24,6.43,6.65,6.9,7.19,7.5,7.85,8.21,8.59,8.97,9.33,9.66,9.95,10.19,10.4,10.58,10.75,10.94,11.16,11.42,11.72,12.06,12.43,12.81,13.18,13.51,13.75,13.89,13.88,13.72,13.39,12.91,12.32,11.65,10.98,10.33,9.71,9.13,8.59,8.06,7.55,7.06,6.59,6.17,5.81,5.51,5.27,5.09,4.93,4.78,4.63,4.47,4.32,4.18,4.06,3.98,3.92,3.88,3.82,3.73,3.61,3.43,3.2,2.92,2.62,2.29,1.95,1.62,1.29,0.99,0.73,0.48,0.27,0.08,-0.09
5.55,6.16,6.79,7.43,8.05,8.62,9.12,9.58,10,10.38,10.75,11.11,11.46,11.79,12.08,12.31,12.46,12.54,12.53,12.47,12.34,12.15,11.91,11.64,11.37,11.14,10.99,10.93,10.95,11.03,11.16,11.29,11.36,11.3,11.05,10.55,9.85,9.01,8.14,7.32,6.62,6.06,5.62,5.26,4.96,4.68,4.45,4.23,4.04,3.84,3.65,3.47,3.31,3.19,3.13,3.12,3.16,3.2,3.18,3.08,2.88,2.59,2.22,1.79,1.33,0.87,0.44,0.03,-0.35,-0.72,-1.08,-1.43,-1.78,-2.12,-2.45,-2.76,-3.05,-3.3,-3.52
5.6,6.43,7.28,8.15,9,9.78,10.4,10.82,11.01,10.99,10.84,10.69,10.66,10.86,11.25,11.72,12.13,12.32,12.23,11.85,11.27,10.54,9.72,8.85,7.97,7.1,6.31,5.69,5.25,4.98,4.84,4.76,4.7,4.62,4.48,4.29,4.07,3.85,3.66,3.55,3.52,3.52,3.5,3.45,3.36,3.2,2.94,2.65,2.4,2.27,2.28,2.36,2.43,2.51,2.6,2.57,2.32,1.83,1.21,0.59,0.08,-0.32,-0.69,-1.05,-1.42,-1.8,-2.17,-2.52,-2.82,-3.11,-3.43,-3.76,-4.08,-4.35,-4.56,-4.74,-4.87,-5,-5.13
2.88,3.39,3.9,4.44,5.02,5.67,6.34,6.96,7.4,7.6,7.61,7.57,7.57,7.67,8.06,8.76,9.09,8.4,7.07,5.56,4.12,3.09,2.54,2.39,2.31,2.19,1.98,1.98,2.2,2.42,2.54,2.5,2.46,2.52,2.69,2.89,3.08,3.25,3.34,3.33,3.21,2.96,2.61,2.24,1.91,1.68,1.58,1.61,1.67,1.68,1.64,1.52,1.27,0.84,0.27,-0.38,-1.02,-1.62,-2.15,-2.63,-3,-3.29,-3.54,-3.77,-4.01,-4.25,-4.51,-4.77,-5,-5.18,-5.32,-5.42,-5.51,-5.57,-5.65,-5.75,-5.87,-6.03,-6.24
-1.75,-1.56,-1.37,-1.09,-0.64,0.02,0.81,1.62,2.28,2.48,2.52,3.09,4.71,5.99,6.24,7.48,7.43,6.42,6.06,4.4,0.93,1.19,2.14,2.66,2.86,2.99,2.93,2.83,2.84,2.83,2.73,2.67,2.61,2.44,2.24,2.04,1.79,1.5,1.16,0.83,0.55,0.38,0.34,0.4,0.5,0.56,0.54,0.37,0.03,-0.45,-1.03,-1.67,-2.29,-2.88,-3.42,-3.89,-4.32,-4.71,-5.07,-5.4,-5.7,-5.95,-6.17,-6.34,-6.5,-6.65,-6.77,-6.88,-6.98,-7.06,-7.13,-7.2,-7.28,-7.39,-7.53,-7.7,-7.91,-8.14,-8.4
-5.22,-5.07,-4.96,-4.84,-4.67,-4.42,-4.02,-3.53,-3.08,-2.77,-2.72,-2.78,-2.69,-2.32,-1.76,-0.97,-0.11,0.43,0.66,0.52,1.18,2.41,2.69,2.35,2.22,2.3,2.37,2.18,1.85,1.61,1.4,1.13,0.77,0.35,-0.06,-0.4,-0.65,-0.82,-0.86,-0.81,-0.7,-0.59,-0.54,-0.61,-0.81,-1.16,-1.65,-2.22,-2.82,-3.41,-3.98,-4.54,-5.04,-5.51,-5.91,-6.27,-6.58,-6.88,-7.2,-7.54,-7.88,-8.22,-8.52,-8.8,-9.06,-9.31,-9.53,-9.72,-9.88,-10.02,-10.15,-10.29,-10.45,-10.63,-10.83,-11.04,-11.26,-11.5,-11.72
-6.73,-6.5,-6.25,-5.98,-5.72,-5.47,-5.22,-4.9,-4.46,-3.92,-3.34,-2.84,-2.41,-1.75,-0.98,-0.82,-1.31,-0.89,-0.41,-0.19,0.19,0.53,0.73,0.9,0.98,0.99,0.91,0.71,0.42,0.08,-0.34,-0.8,-1.23,-1.57,-1.75,-1.78,-1.7,-1.55,-1.43,-1.37,-1.43,-1.6,-1.88,-2.26,-2.72,-3.25,-3.8,-4.35,-4.9,-5.45,-6.03,-6.6,-7.12,-7.54,-7.9,-8.2,-8.49,-8.77,-9.03,-9.28,-9.55,-9.93,-10.38,-10.74,-11.01,-11.48,-12.28,-13.08,-13.38,-13.43,-13.52,-13.73,-14.02,-14.3,-14.57,-14.81,-14.98,-15.07,-15.1
-6.88,-6.57,-6.34,-6.2,-6.18,-6.23,-6.25,-6.14,-5.85,-5.4,-4.82,-4.19,-3.53,-2.95,-2.49,-2.16,-1.93,-1.78,-1.64,-1.51,-1.37,-1.26,-1.22,-1.23,-1.3,-1.4,-1.52,-1.67,-1.88,-2.13,-2.37,-2.56,-2.64,-2.59,-2.46,-2.29,-2.16,-2.11,-2.21,-2.46,-2.87,-3.39,-3.95,-4.51,-5,-5.43,-5.84,-6.27,-6.79,-7.4,-8.02,-8.54,-8.87,-9.05,-9.27,-9.53,-9.73,-9.9,-10.13,-10.47,-10.95,-11.41,-11.08,-10.98,-11.2,-11.83,-12.63,-13.46,-14.13,-14.46,-14.59,-14.75,-14.94,-15.11,-15.27,-15.4,-15.44,-15.47,-15.49
-6.65,-6.19,-5.92,-5.81,-5.88,-6.13,-6.43,-6.63,-6.6,-6.36,-6.01,-5.55,-4.93,-4.23,-3.51,-2.87,-2.38,-2.08,-1.99,-2.07,-2.23,-2.43,-2.62,-2.82,-3.04,-3.24,-3.41,-3.52,-3.57,-3.55,-3.47,-3.32,-3.15,-3.01,-2.96,-2.99,-3.08,-3.27,-3.59,-4.07,-4.69,-5.35,-5.95,-6.43,-6.86,-7.28,-7.71,-8.15,-8.57,-8.87,-9.02,-9.07,-9.35,-9.85,-10.17,-10.48,-11.08,-11.99,-11.55,-12.35,-12.95,-13.36,-13.58,-13.88,-14.32,-14.82,-15.34,-15.82,-16.24,-16.59,-16.89,-17.13,-17.28,-17.34,-17.3,-17.18,-17.02,-16.82,-16.6
-6.99,-6.23,-5.8,-5.66,-5.66,-5.67,-5.72,-5.87,-6.1,-6.31,-6.44,-6.41,-6.13,-5.64,-5.03,-4.43,-3.92,-3.58,-3.46,-3.57,-3.8,-4.02,-4.18,-4.28,-4.39,-4.51,-4.59,-4.58,-4.46,-4.26,-4.03,-3.85,-3.81,-3.9,-4.08,-4.31,-4.58,-4.93,-5.38,-5.89,-6.39,-6.82,-7.14,-7.4,-7.68,-8.06,-8.49,-8.87,-9.1,-9.21,-9.34,-9.67,-10.13,-10.53,-11.07,-12.49,-14.53,-14.53,-14.11,-13.72,-13.58,-13.98,-14.43,-14.79,-15.07,-15.27,-15.4,-15.49,-15.52,-15.5,-15.41,-15.27,-15.11,-14.96,-14.88,-14.83,-14.77,-14.71,-14.71
-7.54,-7.18,-6.49,-5.82,-5.39,-5.2,-5.13,-5.2,-5.47,-5.98,-6.58,-7.13,-7.44,-7.46,-7.23,-6.86,-6.46,-6.12,-5.96,-5.99,-6.11,-6.14,-5.98,-5.68,-5.37,-5.15,-5,-4.85,-4.66,-4.46,-4.37,-4.4,-4.51,-4.67,-4.88,-5.18,-5.53,-5.87,-6.24,-6.7,-7.24,-7.67,-7.95,-8.15,-8.37,-8.69,-9.16,-9.61,-9.82,-9.9,-10.13,-10.42,-10.6,-11.45,-14.6,-16.47,-15.93,-15.54,-15.03,-14.78,-14.81,-14.9,-15.02,-15.15,-15.3,-15.44,-15.6,-15.75,-15.89,-16.05,-16.19,-16.23,-16.14,-16,-15.89,-15.81,-15.74,-15.73,-15.68
-5.24,-6.13,-6.94,-7.05,-6.49,-5.78,-5.29,-5.03,-5,-5.23,-5.77,-6.54,-7.39,-8.17,-8.72,-8.96,-8.89,-8.65,-8.34,-8.03,-7.75,-7.49,-7.19,-6.73,-6.14,-5.52,-4.96,-4.5,-4.18,-4.12,-4.37,-4.77,-5.03,-5.06,-5.08,-5.32,-5.73,-6.16,-6.63,-7.25,-7.92,-8.34,-8.51,-8.73,-9.11,-9.51,-9.74,-9.69,-9.6,-10.14,-11.16,-11.74,-12.31,-15.85,-19.33,-18.94,-18.13,-17.52,-17.44,-17.43,-17.45,-17.53,-17.56,-17.56,-17.53,-17.45,-17.28,-17.01,-16.79,-16.81,-16.96,-16.96,-16.73,-16.41,-16.19,-15.97,-15.59,-15.12,-14.78
-3.3,-2.74,-3.37,-5.03,-6.49,-7,-6.83,-6.55,-6.36,-6.21,-6.21,-6.48,-6.96,-7.53,-8.07,-8.54,-8.82,-8.9,-8.88,-8.78,-8.38,-7.6,-6.81,-6.14,-5.64,-5.5,-4.99,-4.37,-3.51,-2.96,-2.87,-3.56,-4.47,-4.79,-4.91,-5.03,-5.26,-5.53,-5.91,-6.49,-6.92,-6.87,-6.63,-6.93,-8.11,-9.63,-10.53,-10.91,-11.48,-12.57,-13.77,-14.72,-15.81,-17.73,-20.39,-20.84,-19.62,-19.15,-19.37,-20.02,-20.33,-20.74,-21.11,-21.04,-20.82,-20.65,-20.45,-20.38,-20.57,-20.98,-21.39,-21.3,-20.83,-20.38,-20.24,-20.06,-19.48,-18.67,-17.78
-4.21,-3.31,-2.16,-1.76,-2.66,-4.27,-5.56,-6.23,-6.7,-7.18,-7.44,-7.4,-7.28,-7.3,-7.48,-7.64,-7.36,-6.36,-5.21,-5.25,-5.21,-4.67,-3.76,-3.29,-2.62,-2.43,-3.08,-4.09,-4.11,-3.36,-1.7,-0.83,-1.54,-3.12,-3.98,-3.7,-3.46,-3.95,-4.74,-5.17,-5.04,-4.81,-5.14,-6.34,-8.29,-9.96,-10.39,-10.18,-10.38,-11.2,-12.31,-13.46,-14.47,-15.51,-16.5,-17.09,-17.12,-17.07,-17.67,-18.94,-19.86,-20.41,-20.65,-20.51,-20.03,-19.41,-18.53,-17.66,-17.24,-16.89,-16.61,-16.14,-15.09,-13.55,-12.78,-12.64,-12.15,-12.05,-11.93
-3.25,-2.68,-2.1,-1.51,-1.06,-1.21,-2.06,-3.12,-3.79,-4.18,-5.01,-6.42,-7.51,-7.27,-6.22,-5.31,-5.06,-4.73,-5.36,-5.54,-3.54,-2.56,-3.3,-2.53,-1.72,-1.08,-0.48,-0.92,-1.99,-3.81,-3.76,-1.74,-0.04,0.08,-1.77,-2.52,-2.42,-2.2,-2.41,-3,-3.24,-3.35,-4.08,-5.84,-7.65,-8.43,-8.21,-7.93,-8.72,-10.02,-10.48,-11.35,-12.23,-12.21,-12.03,-12.35,-12.84,-13.67,-14.97,-15.46,-14.39,-12.96,-13.42,-12.69,-10.27,-8.61,-6.83,-4.88,-3.41,-2.61,-2.2,-2.72,-3.18,-2.87,-2.53,-3.19,-4.14,-4,-3.54
-1.91,-1.85,-1.55,-1.17,-0.6,0.03,0.38,-0.24,-1.77,-2.67,-2.67,-3.11,-4.32,-5.14,-4.76,-3.96,-4.41,-5.98,-7.05,-3.75,-1.86,-1.33,-1.59,-2.34,-2.44,-2.24,-1.63,-0.93,-0.94,-1.86,-3.07,-3.79,-2.89,-1.38,-0.79,-0.67,-2.14,-3.22,-2.9,-2.15,-1.53,-1.54,-2.39,-3.16,-4.91,-6.16,-6.01,-5.87,-6.59,-6.99,-6.78,-7.19,-8.09,-8.23,-6.83,-5.49,-5.66,-5.74,-6.68,-6.74,-4.75,-3.76,-1.9,0.43,-0.83,-0.1,-1.56,-1.5,-2.09,-2.13,-2.56,-2.74,-3.15,-3.64,-3.07,-2.34,-2.13,-1.85,-1.33
-0.53,-0.73,-0.78,-0.78,-0.55,-0.02,1.18,1.94,0.83,-1.01,-2.29,-3.27,-3.74,-2.25,-1.56,-3.95,-5.89,-5.19,-4.19,-4.97,-4.91,-3.93,-3.53,-3.62,-3.63,-3.2,-2.88,-2.85,-2.24,-1.72,-1.2,-1.4,-1.48,-1.98,-1.34,-0.75,-1.01,-2.1,-2.67,-2.63,-2.22,-1.17,-0.22,0.82,0.77,-1.09,-1.95,-1.61,-2.27,-2.74,-1.64,-0.61,-0.07,-0.55,-0.96,-0.36,0.37,0.56,0.45,1.22,2.13,2.27,1.65,2.84,4.63,3.47,2.93,2.81,1.72,0.89,-0.09,-0.59,-0.56,-0.1,0.56,0.99,1,1.09,1.88
1.48,1.73,1.53,0.69,-0.13,-0.29,0.3,0.78,0.53,-0.43,-1.97,-2.31,-0.87,0.21,-5.07,-4.19,-2.23,0.36,1.19,2.12,1.9,0.9,0.55,-0.13,-0.91,-1.49,-1.68,-1.76,-2.6,-3.52,-4.06,-3.75,-3.52,-3.21,-2.8,-1.55,-0.74,-0.21,-0.75,-1.33,-1.45,-0.94,0.43,2.22,3.4,3.09,2.5,2.81,3.72,3.72,3.57,3.76,4.9,5.67,6.14,6.77,7.52,8.8,10.45,11.61,12.48,12.58,12.67,11.13,7.42,5.01,4.36,5.12,6.47,7.15,7.25,6.97,6.31,5.9,5.78,6.15,6.83,7.02,6.99
3.62,3.64,3.39,2.64,1.39,0.25,0.05,0.69,1.49,1.56,0.57,0.63,0.58,-6.16,-5.29,-3,-0.44,0.92,2.38,4.37,6.75,9.28,10.23,10.08,9.01,7.14,5.24,3.65,2.49,1.26,-0.06,-1.79,-3.41,-3.88,-3.24,-2.12,-0.89,0.05,1.23,2.34,3.04,3.06,3.36,3.96,4.57,4.87,4.79,4.59,5.06,5.77,6.62,7.1,7.78,8.86,9.8,10.44,11.2,12.09,11.59,12.49,12.73,13.35,12.76,10.55,8.83,7.39,6.91,7.31,8.22,9.5,10.5,10.85,10.87,11.09,11.42,11.76,11.71,11.1,9.92
4.43,4.36,4.73,4.46,3.18,1.56,0.8,1.15,1.83,2.75,3.31,3.31,3.4,-0.76,-0.97,0.46,1.53,3.16,5.24,6.49,6.86,7.42,8.25,9.43,10.65,11.69,11.5,9.85,7.46,5.13,3.93,3.98,4.65,4.34,3.13,2.14,1.51,1.09,1.63,2.6,3.28,4.34,5.14,5.77,7.22,8.39,9.09,10.02,9.72,9.97,10.24,10.13,10.21,10.13,10.58,11.8,12.13,11.51,11.02,14.17,15.96,13.55,13.03,12.45,11.02,9.9,10.06,10.14,9.95,10.75,12.35,13.59,13.99,14.15,14.17,13.41,12.08,10.84,9.92
3.64,3.97,5.03,6.03,6,5.45,4.39,2.59,0.92,0.98,0.34,2.27,2.38,5.04,9.32,6.76,5.21,4.78,4.37,2.81,2.82,3.88,4.46,5.21,6.27,7.13,7.45,7.77,7.82,7.62,6.66,5.21,4.01,3.84,4.27,4.94,5.63,6.25,6.66,6.62,5.76,5.1,5.35,6.03,6.71,7.17,8.15,9.07,9.79,10.48,11.01,11.4,12.06,12.97,13.06,13.61,14,14.02,14.6,17.78,17.26,14.59,12.83,12,11.43,11.35,11.5,11.25,10.86,10.78,10.95,11.22,11.43,11.39,10.83,9.86,9.08,8.68,8.75
2.75,4,4.57,5.46,6.01,4.71,2.32,0.23,-0.93,-0.17,1.56,5.55,7.62,9.31,8.98,6.27,4.64,4.1,1.78,0.26,0.63,0.2,-0.83,-0.95,-0.46,0.88,2.63,4.3,5.59,6.73,7.78,8.06,7.44,6.61,6.25,5.63,5.45,6.1,6.17,6.4,7.7,8.99,8.91,8.94,9.09,8.68,8.59,8.97,9.3,9.67,10.24,10.99,11.68,12.69,13.59,13.69,13.55,13.47,13.53,17.09,17.44,12.79,11.52,11.52,10.73,10.86,10.69,10.97,11.14,10.78,10.24,9.7,9.13,8.63,8.05,8.09,9.04,10.31,11.31
1.57,3.19,3.05,2.61,2.87,1.51,-1.61,-3.14,-2.85,0.76,2.85,3.99,4.89,5.12,4.27,3.76,2.96,2.07,-0.11,-1.21,-0.69,-0.97,-2.43,-3.36,-3.94,-4.12,-3.51,-1.97,-0.01,1.76,3.39,4.91,6.17,7.23,7.78,7.36,7.39,7.46,6.62,5.48,5.33,5.4,5.29,5.9,6.71,8.06,9,10.09,10.76,11.26,11.59,11.89,12.39,12.61,12.78,12.95,12.8,12.94,12.9,16.27,17.64,13.39,11.61,11.04,10.33,10.04,10.05,10.27,10.89,11.35,11.48,11.19,11.13,11.32,11.89,12.75,13.17,13.28,13.08
1.43,2.94,2.51,1.14,0.01,-2.05,-1.48,-3.72,-3.14,-0.19,1.06,0.93,1.32,0.8,0.48,1.01,0.02,-1.51,-2.12,-1.65,-0.54,0,-1.29,-2.12,-1.92,-1.51,-1.21,-0.89,-0.51,-0.25,-0.14,0.24,1.11,2.17,3.11,4.08,5.24,6.06,6.24,6.57,6.98,7.11,7.21,7.4,7.6,7.59,7.66,8.24,8.89,9.48,10.16,10.78,11.46,11.52,11.47,11.31,11.1,11.2,12.67,15.96,13,10.55,10.5,10.47,10.63,10.88,10.99,11.16,11.32,11.4,11.59,11.65,12.41,13.4,14.07,14.57,14.76,14.63,14.08
0.14,1.79,2.74,1.29,-1.13,-3.47,-2.47,-15,-9.16,-5.02,-3.08,-2.91,-2.78,-1.67,-1.11,-1.24,-2.24,-3.95,-5.03,-4.69,-3.7,-2.77,-1.84,-1.15,-1.09,-1.08,-0.66,0.07,1,2.03,2.89,3.53,4.15,4.76,5.33,6.29,7.35,8.57,9.69,10.56,10.79,10.45,9.61,8.83,8.42,8.25,7.99,8.11,8.23,8.61,9.06,9.35,9.66,10.11,10.23,10.35,10.59,10.5,12.21,13.9,9.14,7.86,8.54,8.81,9.22,9.82,10.09,10.11,10.17,10.13,10.3,10.68,11.33,12.05,12.58,12.8,12.93,13.13,12.85
0.38,-0.26,0.9,0.48,0.62,-1.74,-7.24,-9.97,-8.55,-6.16,-5.12,-4.9,-3.68,-2.45,-2.24,-2.77,-2.79,-2.16,-1.86,-2.08,-2.24,-1.78,-1.58,-2.19,-2.78,-2.67,-2.04,-1.4,-0.46,0.13,0.69,0.9,1.28,1.89,2.84,4.16,5.25,6.25,6.91,7.7,8.31,8.96,9.04,8.62,8.48,8.29,7.9,7.38,6.82,6.58,6.31,6.46,6.75,6.69,6.11,6.4,7.56,8.23,10.05,12.22,9.19,7.61,7.89,8.39,8.36,8.66,9.32,9.76,9.77,9.58,9.65,10.8,12.17,12.87,13.16,12.76,12.4,12.59,12.88
0.41,-1.31,-0.7,-0.92,-0.97,-2.58,-5.79,-7.2,-6.28,-5.55,-6.19,-5.67,-4.62,-4.4,-4.48,-4.67,-3.88,-2.91,-2.31,-2.25,-2.41,-2.76,-3.33,-3.98,-4.01,-4.07,-4.64,-4.8,-4.7,-3.98,-3.03,-1.49,-0.21,1.21,2.54,3.61,4.2,3.92,3.39,2.57,2.23,2.24,2.88,3.91,4.89,5.41,5.75,5.92,6.19,6.31,6.51,6.9,7.09,7.26,7.37,7.7,8.33,8.49,9.19,10.25,7.93,4.49,5.61,7.67,8.87,9.45,10.15,11.01,11.12,11.4,13.02,14.66,15.04,14.48,13.93,13.76,13.48,12.93,12.54
1.07,-0.87,-1.11,-1.34,-1.55,-3.85,-5.91,-6.61,-6.44,-7.29,-7.66,-6.33,-6.14,-6.74,-7.42,-6.74,-5.74,-4.98,-4.83,-5.01,-5.28,-5.46,-5.56,-5.54,-5.65,-5.83,-6,-6.48,-7.38,-7.15,-5.74,-3.76,-2.3,-1.49,-1.02,-0.09,0.41,0.22,-0.54,-1.58,-2.35,-2.19,-1.45,-0.4,0.51,1.42,2.36,3.5,4.8,6.26,7.59,8.67,9.62,10.25,11.06,11.63,12.41,13.55,13.32,14.18,14.81,9.18,7.39,6.2,6.29,7.52,9.14,10.95,12.05,13.26,14.54,14.55,13.32,12.22,11.56,11.15,10.51,9.9,10.51
