echartData/gfs.js
{"header": {"discipline":0,"disciplineName":"Meteorological products","gribEdition":2,"gribLength":133963,"center":7,"centerName":"US National Weather Service - NCEP(WMC)","subcenter":0,"refTime":"2014-11-30T06:00:00.000Z","significanceOfRT":1,"significanceOfRTName":"Start of forecast","productStatus":0,"productStatusName":"Operational products","productType":1,"productTypeName":"Forecast products","productDefinitionTemplate":0,"productDefinitionTemplateName":"Analysis/forecast at horizontal level/layer at a point in time","parameterCategory":2,"parameterCategoryName":"Momentum","parameterNumber":2,"parameterNumberName":"U-component_of_wind","parameterUnit":"m.s-1","genProcessType":2,"genProcessTypeName":"Forecast","forecastTime":6,"surface1Type":100,"surface1TypeName":"Isobaric surface","surface1Value":85000,"surface2Type":255,"surface2TypeName":"Missing","surface2Value":0,"gridDefinitionTemplate":0,"gridDefinitionTemplateName":"Latitude_Longitude","numberPoints":65160,"shape":6,"shapeName":"Earth spherical with radius of 6,371,229.0 m","gridUnits":"degrees","resolution":48,"winds":"true","scanMode":0,"nx":360,"ny":181,"basicAngle":0,"subDivisions":0,"lo1":0,"la1":90,"lo2":359,"la2":-90,"dx":1,"dy":1}, "data":
[rows 35 to 69 of 181, columns 79 to 157 of 360]
10.11,10.17,10.24,10.01,10.1,9.97,8.44,7.1,6.61,6.93,5.66,3.4,3.96,4.9,5.38,4.12,2.88,2.66,3.09,2.72,2.19,2.52,3.01,3.52,4.33,4.59,3.41,1.67,-0.54,0.74,-0.41,1.69,2.2,2.01,2.31,2.27,1.05,1.13,1.34,1.1,-0.44,-2.07,-5.5,-6.18,-3.3,-5.05,-6.67,-8.22,-11.06,-9.26,-7.95,-9.69,-10.71,-3.75,-2.01,-0.98,-2,-0.58,3.83,5.44,6.55,8.21,8.63,8.58,8.94,9.2,9.07,9.18,9.34,9.17,7.5,7.24,10.13,11.47,11.98,12.54,13.04,16.04,17.8
8.4,8.64,8.54,8.42,8.44,9.1,9.03,8.21,6.74,6.09,3.97,5.03,4.55,3.25,1.28,-0.55,-1.7,-1.41,1.76,2.63,2.97,1.67,0.55,1.42,1.7,2.24,2.17,0.2,-0.12,2.22,2.51,2.26,0.65,3.6,2.74,1.29,0.53,-0.17,-0.81,-0.26,-2.41,-6.58,-7.96,-8.28,-9.42,-11.14,-11.61,-11.3,-10.37,-10.19,-11.54,-9.49,-10.03,-10.73,-9.69,-5.61,1.78,4.45,6.24,8.24,10.5,11.49,10.29,10.93,11.69,11.21,10.94,11.19,11.53,11.99,12.76,12.85,12.35,11.89,12.19,12.99,13.87,13.36,14.56
7.47,7.22,6.39,6.66,9.2,11.95,11.67,10.34,9.77,7.98,5.78,5.87,2.45,0.42,-0.15,-1.32,-3.57,-3.56,-1.31,0.6,1.82,2.24,3.5,0.31,0.52,1.01,1.78,1.87,3.65,2.62,2.33,2.44,3.63,3.13,2.2,0.79,-0.53,-2.74,-3.08,-5.62,-8.21,-8.34,-8.17,-8.58,-8.87,-8.49,-7.96,-8.42,-9.37,-8.38,-9.46,-10.79,-12.47,-13.03,-6.76,-3.94,-2.27,-2.16,-1.55,0.87,3.47,4.81,5.85,7.07,8.67,10.01,11.64,13.03,14.13,14.82,15.1,14.87,14.74,15.51,16.55,16.32,16.24,15.11,16.13
5.75,5.27,5.29,7.05,9.72,7.14,2.1,1.54,1.71,0.84,0.83,-0.03,-0.04,-0.67,-2.11,-2.82,-1.98,0.63,-0.61,-1.79,0.57,1.86,2.12,3.66,2.3,0.29,0.13,2.42,3.66,2.31,2.16,4.38,5.96,4.7,1.24,-0.45,-3.44,-4.52,-5.23,-6.14,-6.27,-6.49,-7.84,-6.76,-3.57,-4.73,-5.39,-6.33,-6.76,-7.77,-8.56,-7.19,-4.38,-4.27,-4.13,-5.04,-3.08,-4.04,-3.26,-2.31,-1.87,1.23,1.67,3.1,4.6,6.17,7.18,8.61,10.11,11.32,12.23,13.21,13.49,13.41,14.25,14.46,14.84,14.12,15.71
3.97,3.94,4.72,5.48,2.14,0.03,1.45,1.76,0.9,-0.95,-0.8,2.5,-1.57,-1.46,1.05,0.03,1.43,-1.09,-1.35,-2.82,2.6,0.91,0.52,1.32,1.89,1.78,1.68,3.86,3.84,4.06,4.22,4.03,5.57,4.73,4.55,1.35,-2.79,-5.24,-3.6,-3.77,-8.09,-8.44,-6.42,-5.55,-6.15,-7.25,-8.5,-8.48,-7.3,-6.87,-5.52,-4.12,-4.14,-5.42,-3.37,-4.74,-4.39,-3.05,-1.47,-0.55,-1.41,0.08,2.29,3.53,3.56,5.29,5.41,6.57,7.86,8.88,9.51,10.15,10.97,11.75,12.2,12.73,13.21,14.07,15.95
3.55,3.48,2.93,2.46,-0.62,-1.44,-0.2,-0.63,-0.2,2.76,-1.47,3.16,-0.47,-1.64,-0.78,-1.51,-4.02,-3.24,-0.01,1.91,0.96,1.36,1.44,1.42,1.56,2.27,2.45,3.76,2.94,2.24,2.47,2.09,2.32,3.35,3.07,0.59,-2.76,-5.26,-7.89,-9.17,-9.1,-8.49,-7.41,-4.98,-6.82,-9.3,-8.98,-9.07,-7.56,-5.81,-3.8,-2.91,-2.32,-2.65,-6.3,-5.56,-3.02,-1.4,0.31,0.55,-1.07,-0.32,1.97,3.72,4.65,4.95,5.91,6.91,7.43,7.95,8.72,9.34,9.43,9.55,9.95,9.94,10.35,12.61,11.64
3.01,3.27,3.87,0,-4.33,-2.44,-3.22,-1.58,-2.23,1.99,2.65,2.86,-0.61,1.14,-2.61,-2.58,-2.14,-1.6,-1.6,-0.78,1.5,1.68,0.71,0.51,1.43,2.22,2.93,2.68,1.14,1.58,1.92,3.83,2.72,2.35,1.62,-1.5,-2.74,-3.7,-6.64,-7.23,-5.84,-5.13,-4.31,-3.51,-6.52,-7.75,-6.99,-6.07,-6.23,-4.37,-1.24,-0.94,-1.81,-3.71,-5.39,-3.71,-2.3,-0.5,0.01,-2.1,-2.52,0.61,1.83,2.32,2.9,3.68,4.09,4.38,4.36,4.67,5.26,5.93,7.11,8.07,8.54,9.18,9.92,10.41,11.17
3.13,2.78,4.9,1.13,-0.96,-2.54,-7.63,-10.76,-9.5,-3.1,-1.09,2.58,3.9,-2.56,-0.37,-3.41,-3.32,-3.35,-0.91,0.86,2.09,2.34,0.07,-0.2,1.26,2.37,2.05,0.76,0.72,2.24,1.54,3,0.84,-0.05,-0.6,-1.21,-1.53,-2.87,-2.09,0.07,-1.48,1.51,3.21,-0.57,-4.47,-3.46,-3.49,-3.27,-0.51,0.77,1.31,-0.1,1.01,1.7,0.45,1.28,1.67,0.02,-3.16,-3.18,-0.59,0.63,0.38,0.41,0.96,1.32,1.36,1.62,2.03,2.57,3.15,4.1,5.09,5.65,6.3,6.72,7.57,8.2,8.27
5.49,6.13,4.55,3.27,0.3,2.02,1.74,3.81,-0.25,-3.65,-3.45,-2.09,1.42,3.78,1.06,-1.13,-4.54,-2.67,-3.7,-0.2,0.26,0.26,2.63,-0.24,0.48,2.54,2.89,3.46,4.56,2.87,0.33,-1.3,-2.27,-1.92,-0.72,1.06,2.61,1.69,1.75,4.1,4.45,3.52,1.37,1.1,2.71,2.14,2.1,3.48,4.38,2.71,2.49,4.2,5.73,3.91,3.91,4.23,2.56,-0.62,-3.98,-1.86,-0.67,-1.5,-1.92,-1.27,-0.97,0.11,0.41,0.28,0.52,1.27,1.85,2.3,3.05,3.47,3.72,3.63,3.74,4.32,5.02
12.13,9.31,6.16,3.06,0.9,-0.53,2.42,2.72,1.15,-0.07,-1.4,-5.11,-4.79,-1.94,0.96,4.75,0.59,-2.68,-2.02,-4.24,-3.77,-2.03,-0.01,1.6,1.18,1.77,1.47,2.84,4.93,5.22,1.86,-2.66,-2.96,-2.4,-0.72,1.53,4.73,6.99,6.92,6.62,7.22,8.22,0.64,-0.48,4.83,5.63,5.62,6.26,6.06,3.67,4.25,5,5.75,5.13,5.05,5.21,2.61,-1.92,-1.36,1.17,0.19,0.16,0.33,0.33,0.38,0.61,0.76,1.03,0.97,1.07,1.51,1.51,1.57,1.43,1.18,1.6,2.01,2.02,2.18
2.04,3.06,-1.65,0.06,2.9,6.64,7.54,5.67,3.63,2.47,0.56,-3.27,-4.31,-5.49,-4.18,0.36,-1.59,-1.68,-2.16,1.74,2.45,-0.79,-0.35,1.38,-0.27,0.97,2.15,3.67,4.34,2.53,2.94,1.61,-0.62,-1.33,1.56,3.06,5.45,5.68,7.01,6.9,8.91,9.43,4.27,0.2,3.59,5.84,6.15,6.81,5.08,3.63,3.75,7.24,7.36,4.97,5.41,4.38,-0.17,-1.64,-0.82,0.74,0.93,2.17,3.7,4.96,4.1,2.1,1.21,1.14,2.53,2.7,2.89,2.52,2.03,2.1,1.95,1.32,0.53,0.43,0.8
-0.76,0.06,1.38,-0.81,-1.1,2.21,1.52,-0.01,-1.36,-2.56,1.04,2.11,3.06,-0.43,-0.71,-3.09,-4.21,-9.17,-7.37,-5.92,-4.04,-2.37,-2.37,-1.16,-0.56,0.73,3.8,5.62,6.39,6.65,3.49,5.5,9.98,7.26,5.64,5.75,6.34,4.87,5.97,7.62,7.66,8.08,8.72,8.04,8.41,8.63,7.88,6.96,3.74,3.3,4.58,3.97,4.32,5.45,6.48,3.06,2.29,2.19,1.25,2.33,2.73,4.88,6.17,5.83,4.34,2.31,0.22,-1.11,-0.03,0.44,0.54,0.75,1.29,0.84,1.08,1.43,0.95,-0.27,-0.94
1.7,-0.34,-0.67,-1.51,-0.29,-2.33,1.82,2.56,2.56,-1.32,-0.73,-0.79,1.68,1.9,1.63,1.48,6.44,1.5,-5.15,-4.4,-0.89,-2.89,-0.02,-0.52,-1.48,-1.57,1.24,4.97,5.17,7.04,10.3,12.64,13.44,14.9,15.37,13.55,13.86,14.83,14.67,14.59,12.57,7.13,3.61,1.68,4.62,8.96,8.41,5.73,4.52,4.71,1.73,0.89,-0.45,2.57,1,1.67,2.56,3.06,3.95,3.44,2.89,2.19,1.19,3.01,2.67,0.79,-1.56,-2.18,-1.16,-1.8,-3.48,-3.21,-3,-3.05,-2.43,-1.92,-1.18,-1.47,-1.8
0.45,2.9,1.6,1.57,1.42,2.31,3.72,3.89,5.56,5.54,3.88,4.39,5.31,4.06,3.19,2.06,2.09,4.44,2.52,-2.67,-4.34,-2.73,-3.13,-3.76,-2.31,-2.74,-1.97,1.2,3.79,7.31,7.68,11.16,12.51,12.94,13.78,12.35,12.53,14.02,14.17,12.43,11.8,14.17,9.35,7.71,7.37,8.11,6.07,4.49,5.6,1.69,0.25,2.85,4.69,2.79,1.56,1.65,2.02,2.24,2.7,1.81,1.4,-0.57,0.35,0.32,-0.02,-1.14,-2.24,-2.14,-1.61,-4.66,-7.72,-8.4,-7.16,-6.76,-6.82,-6.15,-4.95,-3.63,-2.95
-0.29,0.23,1.21,1.37,2.17,3.78,4.42,5.02,7.67,7.42,7.29,7.92,4.42,2.77,2.25,0.9,-1.22,-3.27,-2.23,-1.94,-4.68,-4.33,-3.59,-4.41,-3.52,-1.4,-2.09,-0.84,2.25,4.89,6.45,5.87,7.26,6.89,11.99,15.54,13.66,15.77,12.05,13.8,11.39,8.74,5.38,5.08,6.32,5.39,2.97,4.08,3.17,-0.23,1.92,-0.14,0.34,0.37,1.25,2.25,2.62,2.34,1.79,0.56,0.33,2.37,3.05,2.33,0.16,-1.14,-3.56,-3.65,-2.57,-3.68,-6.09,-8,-7.77,-8.54,-9.15,-9.29,-8.72,-7.08,-4.91
0.19,-0.67,-1.17,-0.9,-0.87,-1.24,-1.61,-1.82,-1.33,0.57,2.2,2.63,3.77,4.07,2.45,1.3,1.05,0.32,-0.65,-4.17,-9.7,-7.84,-6.12,-3.94,-3.18,-1.82,-0.77,2.51,4.43,2.94,5.57,8.32,9.32,10.14,12.55,14.88,12.58,17.35,12.85,10.8,12.53,9.7,9.45,8.42,9.25,8.07,8.39,8.06,3.92,4.02,2.47,1.06,-0.45,-1.38,-0.53,-0.35,1.49,3.76,4.03,3.87,3.45,2.88,2.14,3.84,1.34,-0.1,-3.75,-6.17,-4.11,-3.77,-5.17,-7.3,-8.58,-9.89,-11.29,-11.57,-10.14,-8.75,-7.39
-2.27,-1.99,-1.74,-2.26,-2.93,-3,-1.49,-0.15,-0.05,0.03,0.38,-0.1,-0.11,0.95,-1.3,1.05,-1.33,1.14,1.32,3.01,3.73,-0.13,-4.37,-3.37,-2.64,-3.45,-2.59,0.88,2.92,5.86,5.95,6.37,5.62,9.09,5.5,9.16,14.06,8.06,13.45,14.62,12.47,11.94,12.05,11.52,13.19,13.95,10.14,8.73,5.6,4.7,1.81,1.25,-1.09,-2.31,-1.45,-0.15,1.46,3.73,6.32,5.73,4.16,3.53,2.7,6.1,2.77,1.69,-0.87,-6.5,-4.69,-6.13,-7.12,-7.23,-9.04,-11.54,-12.38,-12.06,-11.1,-9.63,-7.33
-3.56,-2.98,-2.49,-1.9,-0.92,0.55,0.19,-1.1,2.05,1.25,0.33,-2.08,-2.79,-2.47,-0.47,-0.56,-1.52,2.61,2.66,3.92,4.18,3.06,2.49,0.2,-5.27,-4.29,-0.53,3.77,1.22,1.86,6.31,7.19,5.8,9.47,12.06,13.25,3.8,9.87,12.11,11.87,11.09,12.09,11.75,10.9,14.4,12.83,11.73,9.29,6.74,5.28,2.77,3.29,1.37,-0.22,-1.27,-0.49,1.46,5.15,4.83,1.06,2.17,-1.55,3.64,6.11,3.4,2.54,1.82,-3.02,-5.51,-6.24,-8.95,-12.44,-16.08,-18.1,-20.79,-22.46,-21.91,-16.22,-10.67
-2.02,-2.31,-0.77,0.05,-0.84,-1.89,-0.95,3.2,0.97,1.43,0.51,-1.45,2.85,-1.18,-3.18,-4.26,-5.2,-3.88,-2.22,0.17,4.36,4.66,4.32,1.6,0.72,-0.61,-1.65,0.92,3.78,2.82,2.75,5.03,7.88,6.76,8.82,12.68,7.58,6.58,5.83,6.55,7.02,9.58,11.25,9.88,10.6,11,10.45,9.21,6.58,5.64,3.82,4.97,4.13,4.43,5.01,5.4,3.76,5.41,5.45,1.1,-1.9,3.21,6.33,7.79,5.8,3.25,2.9,1.29,-2.8,-4.31,-5.52,-8.19,-7.41,-8.12,-12.91,-13.92,-12.56,-20.12,-21.62
2.69,1.23,0.61,2.55,3.06,4.56,5.23,5.65,6.81,6.36,3.86,3.8,3.73,2.87,2.79,1.31,-0.93,-1.26,-0.31,-3.01,3.44,1.12,-1.54,-1.49,-0.83,-1.82,-1.82,0.47,2.51,2.72,3.24,2.72,6.39,9.88,8.92,6.57,9.73,3.97,4.26,8.38,9.8,10.43,11.07,10.84,10.99,10.21,8.61,8.94,7.2,7.73,6.7,6.99,7.02,8.29,8.35,8.43,8.77,8.51,-1.71,1.9,-0.02,4.79,5,6.93,5.87,3.08,3.47,3.24,2.16,-0.21,-1.06,-2.18,-1.27,2.58,2.64,0.44,2.03,3.66,-2.87
4.03,6.55,7.94,5.17,7.16,7.62,7.27,7.08,7.48,6.4,6.3,5.52,6.17,4.12,2.98,3.53,3.67,3.9,3.29,2.3,1.49,0.79,-0.71,2.34,-1.59,-2.35,-1.43,-2.43,-3.83,0.4,3.1,3.99,6.38,8.56,9.09,1.18,8.69,11.1,7.99,9.49,10.12,9.57,10.03,9.8,9.54,9.78,8.41,8.42,7.29,6.24,4.01,4.68,6.33,7.83,7.65,7.12,5.31,6.08,-0.27,-0.93,2.91,3.89,4.86,5.73,5.13,2.86,2.86,3.79,3.99,4.85,5.02,5.47,4.5,7.08,12.26,13.71,11.26,8.34,7.32
2.87,3.1,2.35,4.88,5.83,6.15,6.72,9.07,7.85,9.68,8.46,7.59,6.74,5.31,5.47,4.67,3.74,1.53,3.36,4.23,3.67,3.88,4.48,2.52,-2,-2.9,-1.38,-1.51,-2.89,-1.53,2.33,5.05,2.75,9.05,9.45,-0.2,-0.45,5.84,9.38,8.09,7.16,8.44,9.4,9.51,9.31,9.42,9.38,9,10.45,10.97,9.62,9.29,8.22,5.45,5.08,2.01,8.85,5.29,7.98,2.33,2.93,4.62,5.76,4.45,3.39,3.87,3.35,3.68,4.3,4.98,6.92,8.66,9.91,11.37,13.75,14.04,12.32,11.02,10.81
2.41,2.51,3.13,4.59,4.8,4.47,5.85,5.47,5.83,6.88,5.21,3.46,3.59,3.9,4.46,4.23,3.48,2.54,0.53,1.7,4.37,4.62,2.99,1.73,2.11,-1.32,-0.86,-1.74,-4.28,-4.21,-2.12,2.38,6.82,4.33,5.8,3.58,2.38,6.19,6.26,5.7,6.36,6.67,8.73,10.28,9,9.46,9.31,9.34,10.53,12.48,12.43,10.9,11.41,7.33,4.01,-0.52,2.07,6.24,8.93,5.12,3.56,2.34,3.52,3.86,1.64,2.22,3.56,4.06,3.98,4.29,5.26,6.74,8.27,9.86,10.84,10.77,11.04,12.11,14.07
4.08,3.15,1.91,1.83,3.68,3.08,3.44,4.68,4.32,5.08,4.87,2.79,2.79,2.31,0.25,-1.1,0.5,0.82,-0.61,1.16,1.37,1.15,1.03,0.18,-1.83,-1.89,-2.24,-4.25,-4.84,-3.76,-1.96,-1.77,2.98,4.43,3.62,1.28,0.45,4.52,4.49,5.74,7.18,8.21,8.39,8.43,8.77,7.76,8.32,10.06,13.8,15.56,15.76,12.74,14.16,14.82,15.86,17.69,10.83,6.09,5.82,5.61,5.9,3.81,2.28,3.29,3.55,2.37,2,2.99,3.78,3.57,3.82,4.5,5.67,7.06,8.48,9.44,11.45,13.34,15.6
1.39,0.48,-0.6,-0.19,2.75,3.16,4.8,6.52,6.61,5.22,5.33,4.29,2.6,1.37,2.37,1.25,1.46,0.73,1.66,1.7,-0.73,0.78,-2.61,-2.34,-0.16,-0.34,-5.34,-5.05,-6.66,-7.3,-7.02,-4.64,-0.46,-0.95,-1.33,-1.94,-3.68,0.02,1.73,3.15,6.62,8.24,7.13,5.46,6.85,8.18,9.27,12.7,14.48,14.39,13.49,13.3,15.45,16.77,17.02,15.02,4.4,5.14,4.13,4.25,5.33,6.38,5.64,4.2,2.39,2.17,3.03,2.94,2.8,2.91,3.51,4.21,5.12,6.22,7.44,9.61,11.69,14.89,13.8
1.12,-0.14,0.43,-3.83,2.59,2.56,3.43,4.02,5.33,3.68,1.32,2.08,0.01,0.49,-0.44,-1.83,-1.95,2.28,4.31,2.5,-2.31,2.29,-0.93,-1.9,-2.95,-5.67,-2.01,-2.32,-2.3,-3.04,-3.61,-2.94,-5.87,-5.56,-6.21,-4.06,-2.7,-2.54,-2.79,0.89,4.48,5.91,4.57,5.48,6.92,9.28,10.55,11.18,11.04,10.53,11.29,13.83,15.13,16.37,16.84,18.4,15.69,9.56,6.93,5.15,4.15,4.89,6.15,6.79,6.02,3.86,2.86,2.92,3.34,3.84,4.62,5.45,5.97,7.16,9.39,10.98,13.35,14.48,10.04
5.43,1.23,1.55,1.13,-0.02,2.66,0.85,1.33,2.62,1.22,0.28,3.17,-0.2,0.43,-2.79,0.86,-0.49,-1.24,4.3,3.63,1.42,1.01,-1.59,-0.33,-2,-0.84,-2.9,-2.8,-1.14,-3.09,-3.74,-10.11,-12.17,-8.95,-8.48,-6.62,-0.07,-2.13,-1.43,-0.33,2.43,2.38,5.54,5.67,6.64,7.67,7.3,7.92,10.22,10.53,12.27,14.26,15.15,15.11,13.97,13.85,10.46,8.62,6.83,5.07,3.57,3.5,4.32,5.18,6.37,6.35,5.45,4.67,4.82,5.51,6.86,8.04,8.48,8.63,9.27,11.74,13.38,9.72,9.11
6.95,8.69,7.06,5.19,2.1,0.46,1.48,-1.02,3.65,2.27,1.05,-1.06,-1.19,1.67,-0.81,0.82,0.36,0.36,-0.8,0.5,2.48,1.49,-1.66,-2.43,-2.26,-1.66,0.09,0.38,-3.02,-5.88,-12.31,-16.99,-12.14,-9.95,-7.47,-5.21,-3.46,-1.9,0.79,5.02,3.84,2.66,2.38,0.93,3.96,6.87,11,13.35,11.69,10.81,11.3,11.44,9.8,7.96,7.32,6.15,5.04,5.09,4.68,3.73,2.78,2.56,3.13,3.59,4.18,4.87,4.93,4.74,4.4,4.83,5.5,6.1,6.45,7.36,9.96,10.68,9.04,8.75,9.54
5.28,6.99,8.28,9.57,9.22,6.34,3.8,2.31,1.17,1.62,0.5,2.05,0.87,0.13,-0.53,-1.77,0.62,-0.28,0.79,-0.33,2.05,-1.14,-1.37,-2.23,-2.35,-1.9,-0.62,-0.86,-5.1,-12.17,-13.24,-8.64,-9.59,-9.98,-5.45,-0.28,1,0.13,4.21,5.98,6.58,5.9,6.93,8.38,7.64,7.72,7.5,6.73,8.87,10,7,6.48,6.1,4.8,3.3,2.51,2.47,2.56,2.46,2.39,2.36,2.09,2.24,2.46,2.51,2.82,3.03,2.81,2.83,3.06,3.64,5.11,5.72,7.67,8.03,6.32,7.78,9.12,6.64
4.45,4.93,6.56,8.38,9.38,8.49,6.28,5.36,4.14,3.08,2.4,2.35,0.79,1.3,1.87,0.08,0.18,0.24,0.64,-0.28,-0.01,-0.81,-2.23,-0.31,-2.12,-1.76,-3.49,-4.79,-4.47,-5.61,-7.66,-7.04,-8.2,-5.13,-1.54,3.08,4.5,3.28,4.29,6.61,9.38,11.43,9.93,7.24,7.08,5.66,4.99,6.4,7.75,7.35,5.53,3.82,3.27,2.7,1.7,0.91,0.4,0.1,0.27,0.79,1.55,1.74,1.71,1.42,0.93,1.01,1.41,1.9,2.67,3.45,4.61,4.96,5.53,5.66,4.48,5.32,5.18,5.44,0.39
3.18,4.38,5.22,6.06,7.39,7.74,7.64,8.01,7.11,5.69,3.26,1.77,0.53,-0.91,-0.77,0.78,0.37,-1.01,-1.34,-1.27,-0.26,0.66,-1.99,-1.64,-3.26,-2.67,-7.36,-6.68,-4.49,-5.77,-6.01,-6.94,-6.4,-3.83,1.91,-0.85,1.06,1.24,3.91,4.69,5.07,4.04,5.88,4.98,3.08,3.01,4.07,5.51,5.75,5.59,3.83,2.99,2.22,1.01,0.45,-0.39,-1.48,-2.12,-1.89,-1.32,-0.72,-0.57,-0.64,-0.68,-0.68,-0.26,0.32,0.78,1.45,2.97,3.33,2.99,2.57,2.68,3.1,2.76,1.93,0.63,-1.79
2.12,2.61,3.27,4.41,4.84,5.57,6.45,6.1,5.86,5.22,4.19,3.6,1.2,0.14,-0.37,-0.23,0.35,0.31,-1.03,-0.09,1.06,-0.62,-1.71,0.38,-2.96,-3.35,-4.59,-3.31,-3.65,-5.96,-4.87,-3.49,-2.71,-0.92,-1.66,-1.08,2.51,5.54,5.82,5.41,4.28,2.02,2.35,0.07,1.91,2.97,4.13,3.92,3.55,3.42,2.85,2.61,1.92,-0.02,-1.13,-1.65,-2.83,-3.85,-3.99,-3.67,-3.31,-3.13,-2.99,-2.42,-1.59,-1.28,-1.37,-0.23,-0.01,0.74,1.09,0.13,0.99,1.46,1.15,1.19,0.42,-1.36,-3.42
0.77,0.99,0.72,2.28,2.62,3.47,3.56,4.37,5.68,2.76,2.81,3.94,2.61,-0.4,0.71,0.9,-0.29,-1.25,-1.32,-0.06,1.01,-2.15,0.47,-1.21,-1.59,-2.77,-4.21,-6.2,-5.26,-2.36,-2.1,-1.53,-0.61,0.74,1.07,2.74,2.71,2.65,2.86,2.7,1.32,-0.23,0.63,2.09,3.25,2.26,2.38,2.72,2.18,1.98,1.23,0.69,0.38,-0.72,-2.35,-2.94,-3.49,-4.26,-4.99,-5.35,-5.25,-4.76,-4,-3.41,-3.34,-3.4,-2.6,-2.02,-1.47,-0.69,-1.5,-1.02,0.46,0.04,0.64,0.89,-0.44,0.05,-1.16
-0.61,-0.19,0.76,1.27,1.29,2.61,1.3,2.51,1.93,0.76,1.81,3,0.46,-1.02,-1.57,1.19,0.2,-4.07,-1.73,-1.01,0.16,-0.58,-2.09,-2.69,-2.57,-3.24,-5.76,-5.11,-2.23,-2.45,-1.74,-1.73,-0.76,-0.21,0.46,1.41,1.58,1.85,1.76,0.74,-0.32,-1.02,1.58,2.53,2.14,2.11,2.73,3.22,2.93,1.86,0.83,-1.08,-1.46,-1.99,-2.66,-3.79,-4.07,-4.47,-4.94,-5.3,-5.38,-5.09,-4.69,-4.31,-4.64,-3.81,-3.5,-3.36,-2.82,-3.23,-2.95,-0.81,0.6,1.23,1.86,3.24,3.36,3,4.29
-0.85,-0.71,0.16,0.31,0.67,1.17,-0.11,0.61,1.71,-0.17,-0.06,-0.53,-1.06,-1.33,-2.91,-1.02,-1.95,-3.75,-2.28,-0.68,-0.87,-0.98,-1.55,-2.99,-1.48,-3.85,-1.9,-1.24,-1.61,-2.09,-3.28,-3.59,-1.65,-0.49,-0.05,0.12,0.4,0.42,0.58,0.27,-0.31,-1.46,-0.52,0.91,1.54,1.65,2.1,2.46,2.51,2.37,1.34,-0.38,-1.62,-2.57,-3.22,-3.82,-4.57,-5.19,-5.55,-5.53,-5.4,-5.24,-4.85,-4.69,-4.72,-4.8,-4.58,-4.34,-4.35,-3.46,-1.39,0.01,1.51,2.29,2.32,1.86,1.32,1.86,1.57
