echartData/gfs.js
{"header": {"discipline":0,"disciplineName":"Meteorological products","gribEdition":2,"gribLength":133963,"center":7,"centerName":"US National Weather Service - NCEP(WMC)","subcenter":0,"refTime":"2014-11-30T06:00:00.000Z","significanceOfRT":1,"significanceOfRTName":"Start of forecast","productStatus":0,"productStatusName":"Operational products","productType":1,"productTypeName":"Forecast products","productDefinitionTemplate":0,"productDefinitionTemplateName":"Analysis/forecast at horizontal level/layer at a point in time","parameterCategory":2,"parameterCategoryName":"Momentum","parameterNumber":2,"parameterNumberName":"U-component_of_wind","parameterUnit":"m.s-1","genProcessType":2,"genProcessTypeName":"Forecast","forecastTime":6,"surface1Type":100,"surface1TypeName":"Isobaric surface","surface1Value":85000,"surface2Type":255,"surface2TypeName":"Missing","surface2Value":0,"gridDefinitionTemplate":0,"gridDefinitionTemplateName":"Latitude_Longitude","numberPoints":65160,"shape":6,"shapeName":"Earth spherical with radius of 6,371,229.0 m","gridUnits":"degrees","resolution":48,"winds":"true","scanMode":0,"nx":360,"ny":181,"basicAngle":0,"subDivisions":0,"lo1":0,"la1":90,"lo2":359,"la2":-90,"dx":1,"dy":1}, "data":
[rows 0 to 34 of 181, columns 237 to 315 of 360]
-9.51,-9.53,-9.56,-9.58,-9.59,-9.61,-9.62,-9.62,-9.63,-9.63,-9.63,-9.63,-9.62,-9.61,-9.6,-9.58,-9.56,-9.54,-9.52,-9.49,-9.46,-9.43,-9.39,-9.35,-9.31,-9.27,-9.22,-9.17,-9.12,-9.06,-9.01,-8.94,-8.88,-8.81,-8.75,-8.67,-8.6,-8.52,-8.44,-8.36,-8.28,-8.19,-8.1,-8.01,-7.91,-7.81,-7.71,-7.61,-7.51,-7.4,-7.29,-7.18,-7.07,-6.95,-6.84,-6.72,-6.6,-6.47,-6.35,-6.22,-6.09,-5.96,-5.83,-5.69,-5.55,-5.42,-5.28,-5.14,-4.99,-4.85,-4.7,-4.55,-4.41,-4.26,-4.1,-3.95,-3.8,-3.64,-3.49
-10.54,-10.55,-10.55,-10.56,-10.55,-10.55,-10.54,-10.53,-10.51,-10.49,-10.46,-10.43,-10.4,-10.37,-10.34,-10.3,-10.25,-10.21,-10.17,-10.12,-10.06,-10,-9.94,-9.88,-9.81,-9.75,-9.68,-9.61,-9.53,-9.45,-9.37,-9.28,-9.19,-9.1,-9.02,-8.92,-8.82,-8.73,-8.63,-8.52,-8.41,-8.31,-8.2,-8.08,-7.97,-7.85,-7.73,-7.61,-7.48,-7.36,-7.23,-7.1,-6.97,-6.84,-6.7,-6.57,-6.43,-6.28,-6.15,-6,-5.85,-5.71,-5.56,-5.41,-5.26,-5.11,-4.96,-4.8,-4.64,-4.49,-4.32,-4.16,-4,-3.83,-3.67,-3.5,-3.33,-3.17,-3
-9.16,-9.1,-9.04,-8.98,-8.92,-8.86,-8.8,-8.75,-8.69,-8.65,-8.6,-8.55,-8.5,-8.46,-8.42,-8.38,-8.35,-8.31,-8.28,-8.26,-8.24,-8.22,-8.2,-8.19,-8.18,-8.17,-8.16,-8.15,-8.14,-8.13,-8.13,-8.12,-8.12,-8.1,-8.09,-8.07,-8.05,-8.03,-8,-7.97,-7.94,-7.91,-7.86,-7.81,-7.76,-7.7,-7.65,-7.58,-7.51,-7.44,-7.36,-7.29,-7.21,-7.12,-7.03,-6.95,-6.86,-6.76,-6.68,-6.58,-6.48,-6.38,-6.29,-6.18,-6.07,-5.97,-5.86,-5.74,-5.62,-5.51,-5.38,-5.24,-5.11,-4.96,-4.82,-4.67,-4.5,-4.34,-4.17
-8.11,-7.96,-7.8,-7.64,-7.49,-7.32,-7.16,-6.99,-6.84,-6.67,-6.51,-6.35,-6.2,-6.04,-5.9,-5.76,-5.62,-5.49,-5.37,-5.26,-5.15,-5.06,-4.97,-4.91,-4.85,-4.82,-4.79,-4.79,-4.8,-4.83,-4.88,-4.94,-5.02,-5.1,-5.22,-5.34,-5.47,-5.62,-5.76,-5.91,-6.08,-6.23,-6.38,-6.54,-6.69,-6.83,-6.96,-7.09,-7.2,-7.31,-7.42,-7.52,-7.61,-7.7,-7.78,-7.87,-7.95,-8.04,-8.12,-8.2,-8.27,-8.34,-8.41,-8.46,-8.5,-8.53,-8.55,-8.55,-8.52,-8.48,-8.41,-8.32,-8.2,-8.06,-7.9,-7.72,-7.52,-7.28,-7.04
-8.38,-8.16,-7.94,-7.71,-7.47,-7.22,-6.97,-6.71,-6.45,-6.19,-5.93,-5.66,-5.41,-5.15,-4.91,-4.67,-4.44,-4.22,-4.01,-3.81,-3.63,-3.45,-3.3,-3.15,-3.02,-2.91,-2.82,-2.74,-2.67,-2.63,-2.6,-2.59,-2.61,-2.65,-2.72,-2.81,-2.93,-3.09,-3.27,-3.48,-3.72,-3.98,-4.27,-4.56,-4.87,-5.19,-5.52,-5.85,-6.17,-6.51,-6.84,-7.18,-7.52,-7.88,-8.24,-8.62,-9.01,-9.41,-9.82,-10.23,-10.63,-11.02,-11.39,-11.71,-11.99,-12.22,-12.38,-12.47,-12.5,-12.48,-12.38,-12.23,-12.05,-11.82,-11.57,-11.29,-11,-10.71,-10.4
-8.29,-8,-7.7,-7.39,-7.06,-6.73,-6.39,-6.06,-5.72,-5.37,-5.03,-4.68,-4.34,-3.99,-3.66,-3.32,-2.99,-2.66,-2.35,-2.04,-1.75,-1.48,-1.22,-1,-0.8,-0.63,-0.49,-0.38,-0.32,-0.28,-0.29,-0.34,-0.42,-0.54,-0.69,-0.88,-1.11,-1.36,-1.64,-1.95,-2.26,-2.59,-2.92,-3.27,-3.62,-3.96,-4.32,-4.66,-5.01,-5.36,-5.72,-6.09,-6.49,-6.92,-7.41,-7.96,-8.57,-9.25,-9.99,-10.77,-11.56,-12.32,-13.02,-13.62,-14.11,-14.46,-14.67,-14.74,-14.67,-14.48,-14.2,-13.84,-13.41,-12.94,-12.44,-11.93,-11.42,-10.93,-10.47
-7.58,-7.3,-7.02,-6.74,-6.47,-6.21,-5.95,-5.71,-5.49,-5.28,-5.08,-4.9,-4.72,-4.53,-4.35,-4.15,-3.93,-3.7,-3.43,-3.16,-2.86,-2.56,-2.25,-1.95,-1.66,-1.41,-1.18,-0.99,-0.85,-0.75,-0.71,-0.71,-0.77,-0.89,-1.05,-1.26,-1.52,-1.82,-2.14,-2.48,-2.81,-3.14,-3.44,-3.71,-3.94,-4.14,-4.29,-4.41,-4.51,-4.6,-4.7,-4.83,-5,-5.24,-5.55,-5.96,-6.47,-7.07,-7.76,-8.5,-9.27,-10.01,-10.72,-11.35,-11.9,-12.35,-12.71,-12.99,-13.19,-13.31,-13.33,-13.25,-13.06,-12.78,-12.42,-12.01,-11.59,-11.16,-10.75
-6.98,-6.78,-6.59,-6.42,-6.27,-6.13,-6.01,-5.91,-5.85,-5.82,-5.84,-5.9,-6.01,-6.16,-6.33,-6.5,-6.66,-6.78,-6.85,-6.85,-6.77,-6.63,-6.42,-6.15,-5.82,-5.47,-5.09,-4.7,-4.34,-4.02,-3.75,-3.56,-3.49,-3.59,-3.85,-4.24,-4.71,-5.23,-5.75,-6.24,-6.65,-6.98,-7.25,-7.46,-7.53,-7.32,-6.86,-6.26,-5.7,-5.27,-4.95,-4.62,-4.34,-4.1,-3.94,-3.87,-3.92,-4.05,-4.19,-4.32,-4.41,-4.51,-4.65,-4.88,-5.2,-5.6,-6.06,-6.56,-7.05,-7.47,-7.78,-7.89,-7.77,-7.48,-7.09,-6.76,-6.58,-6.61,-6.8
-6.76,-6.64,-6.53,-6.44,-6.36,-6.3,-6.24,-6.19,-6.15,-6.12,-6.09,-6.09,-6.13,-6.23,-6.4,-6.64,-6.95,-7.3,-7.66,-8.02,-8.31,-8.52,-8.61,-8.56,-8.37,-8.03,-7.53,-6.89,-6.14,-5.29,-4.37,-3.41,-2.46,-1.65,-1.11,-0.9,-0.96,-1.06,-0.98,-0.78,-0.62,-0.63,-0.78,-1.12,-1.52,-2.09,-2.4,-2.43,-2.06,-1.29,-0.9,-0.56,-2.23,-3.1,-3.64,-4.3,-4.96,-5.24,-5.1,-4.85,-4.7,-4.71,-4.84,-4.75,-4.18,-3.38,-2.82,-2.52,-2.32,-2.89,-4.27,-5.11,-5.02,-4.65,-4.47,-4.8,-5.56,-5.87,-5.12
-7.77,-7.9,-8.01,-8.11,-8.18,-8.22,-8.23,-8.2,-8.11,-7.96,-7.75,-7.49,-7.16,-6.78,-6.36,-5.93,-5.5,-5.13,-4.83,-4.61,-4.46,-4.38,-4.29,-4.07,-3.69,-3.24,-2.88,-2.82,-3.22,-4.19,-5.18,-5.36,-4.92,-4.37,-3.72,-2.94,-2.2,-1.65,-1.21,-1.16,-1.53,-1.88,-1.84,-1.6,-1.48,-1.63,-1.98,-2.28,-1.92,-0.83,0.17,0.65,1.13,1.44,-0.09,-3.19,-5.25,-6.43,-7.16,-7.54,-7.63,-7.47,-6.91,-6.71,-6.93,-5.92,-4.05,-3,-2.84,-2.7,-2.22,-1.64,-1.36,-1.55,-2.15,-3.02,-4.01,-5.22,-7.12
-8.7,-9.15,-9.6,-10.02,-10.42,-10.78,-11.09,-11.35,-11.55,-11.7,-11.77,-11.81,-11.79,-11.74,-11.65,-11.53,-11.39,-11.21,-10.98,-10.69,-10.32,-9.86,-9.29,-8.58,-7.65,-6.49,-5.29,-4.34,-3.58,-2.73,-3.08,-2.4,-1.39,-4.84,-5.64,-5.54,-5.2,-5.12,-5.25,-4.88,-4.14,-3.58,-2.71,-2.3,-2.53,-2.14,-1.52,-0.95,-0.97,-1.36,-1.49,-1.89,-2.52,-3.14,-3.72,-4.13,-4.46,-4.75,-5.17,-5.96,-6.26,-5.09,-3.21,-1.4,0.03,-1.23,-2.4,-1.99,-1.82,-2.39,-3.56,-4.71,-5.34,-5.57,-6.01,-7.19,-9.11,-11.25,-12.91
-8.51,-9.02,-9.53,-10.02,-10.48,-10.89,-11.23,-11.5,-11.69,-11.8,-11.81,-11.72,-11.55,-11.28,-10.93,-10.5,-10.06,-9.67,-9.49,-9.59,-9.9,-10.2,-10.34,-10.42,-10.46,-10.43,-10.2,-9.68,-9.07,-8.76,-8.83,-8.04,-5.51,-4.44,-4.01,-3.82,-4.1,-4.05,-3.95,-3.97,-4.25,-4.49,-3.7,-3.29,-2.7,-2.28,-2.28,-2.73,-4.21,-4.92,-5.26,-5.73,-5.94,-5.58,-4.91,-3.99,-2.84,-1.55,0.07,1.97,3.49,4.14,3.95,3.05,1.77,0.41,-0.43,-0.47,-0.1,-0.15,-1.22,-3.3,-6.05,-9.06,-11.83,-13.81,-14.78,-14.99,-14.86
-7.5,-7.83,-8.14,-8.43,-8.71,-8.98,-9.23,-9.42,-9.55,-9.69,-9.87,-10.1,-10.36,-10.61,-10.81,-10.97,-11.1,-11.15,-11.1,-10.97,-10.78,-10.52,-10.18,-9.82,-9.55,-9.47,-9.59,-9.77,-9.91,-9.95,-9.95,-9.91,-9.73,-9.5,-9.36,-9.47,-9.98,-10.55,-10.87,-10.98,-11.43,-14.36,-12.79,-8.56,-13.5,-12.61,-11.75,-11.03,-9.84,-8.57,-7.36,-6.16,-5.08,-4.19,-3.9,-2.58,-1.16,-0.53,-0.51,-0.17,0.45,0.51,-0.16,-0.91,-1.39,-1.9,-2.61,-3.36,-3.89,-4.14,-4.16,-4.2,-4.67,-6.04,-8.4,-11.2,-13.57,-14.92,-15.33
-6.69,-7.24,-7.75,-8.24,-8.74,-9.2,-9.47,-9.49,-9.33,-9.07,-8.71,-8.3,-7.91,-7.56,-7.26,-7.06,-7,-7.12,-7.43,-7.91,-8.49,-9.16,-9.86,-10.39,-10.53,-10.27,-9.83,-9.51,-9.27,-8.85,-8.29,-7.71,-7.16,-6.7,-6.72,-7.22,-6.53,-5.05,-4.93,-5.93,-7.34,-8.5,-9.05,-8.69,-7.45,-6.22,-5.65,-5.73,-5.96,-5.72,-5.25,-4.15,-2.29,-0.78,-0.08,0.34,0.87,1.7,1.87,2.81,4.84,5.55,4.49,2.74,1.59,1.55,1.67,1.36,0.7,0.06,-0.39,-0.72,-1.04,-1.44,-2.03,-3.26,-5.6,-8.83,-12
-4.65,-5.21,-5.91,-6.66,-7.19,-7.62,-8.18,-8.96,-9.78,-10.25,-10.18,-9.87,-9.59,-9.21,-8.95,-8.77,-8.4,-7.86,-7.23,-6.59,-5.92,-5.23,-4.83,-4.99,-5.53,-5.99,-6.37,-6.84,-7.2,-7.07,-6.57,-6.1,-5.75,-5.3,-4.91,-5.16,-6.06,-7.09,-7.94,-8.9,-9.66,-10.16,-10.08,-9.51,-8.64,-7.75,-6.86,-5.95,-5.07,-4.22,-3.34,-2.31,-1.02,0.45,1.85,3.2,4.46,5.27,5.59,5.71,5.88,6.13,6.46,6.81,6.71,5.72,4.32,3.62,2.47,2.28,2.75,3.45,3.8,3.24,2.24,2.28,3.54,4.14,2.12
-1.03,-1.35,-1.61,-1.84,-2.03,-2.29,-2.69,-3.54,-5.19,-7.08,-8.69,-9.61,-10.1,-10.16,-10.5,-10.84,-10.92,-10.5,-9.71,-8.8,-7.85,-6.83,-5.83,-5.05,-4.45,-3.74,-3.15,-3.05,-3.55,-4.19,-4.56,-4.71,-4.77,-4.77,-4.57,-4.11,-3.61,-2.8,-1.64,-1.44,-2.06,-2.06,-2.49,-1.68,-0.98,-0.59,-0.53,-0.69,-0.92,-0.96,-0.65,0.08,1.12,2.28,3.47,4.65,5.78,6.77,7.52,8.05,8.41,8.61,8.28,7.24,6.13,5.27,4.5,3.52,1.63,0.08,-0.72,-0.09,1.47,2.33,2.36,2.54,2.95,3.09,2.99
2.93,2.57,2.28,1.72,1.17,0.88,0.5,-0.11,-0.61,-1.23,-2.15,-3.22,-4.3,-5.36,-6.3,-7.14,-7.95,-8.59,-9,-8.93,-8.41,-7.47,-6.13,-4.7,-3.62,-2.97,-2.43,-2.03,-1.96,-1.95,-1.97,-2.32,-2.93,-3.31,-3.35,-3.21,-2.99,-2.65,-2.19,-1.8,-1.28,-0.75,0.06,0.85,0.71,0.62,0.65,0.5,0.22,0.23,0.82,1.73,2.4,2.63,2.65,2.79,3.21,3.9,4.72,5.44,5.95,6.36,6.77,6.95,6.43,5.28,4.65,3.48,0.58,-2.25,-2.79,-3.77,-3.41,-1.92,-0.97,-1,-1.25,-1.04,-0.38
6.51,6.15,5.49,4.82,4.07,3.4,3.07,2.74,2.68,2.67,2.58,2.6,2.27,1.67,1.02,0.26,-0.31,-1.24,-2.36,-3.09,-3.55,-3.89,-3.96,-3.36,-2.5,-1.55,-0.67,0.02,0.32,0.33,0.14,-0.32,-0.62,-0.73,-0.61,-0.86,-1.32,-1.29,-0.51,0.18,0.45,0.52,-0.39,-0.7,-0.71,1.18,1.12,0.69,0.57,1.2,1.95,2.25,1.96,1.39,1.07,1.33,1.96,2.68,3.37,4.03,4.53,4.73,4.85,5.09,5.33,4.97,4.25,4.2,4.14,3.12,1.06,-0.17,-0.93,-1.15,-1.99,-2.97,-3.74,-4.27,-3.93
8.9,8.42,7.32,6.84,6.67,6.51,6.98,6.78,6.27,5.93,5.72,5.26,4.57,4.01,3.33,3.01,2.33,2.33,2.16,1.94,2.08,1.94,1.35,0.94,0.83,0.68,0.56,0.74,0.78,0.78,0.83,0.71,0.54,0.42,0.45,0.16,-0.22,-0.21,-0.26,-0.47,-0.34,0.26,0.72,0.8,0.48,0.07,0.09,1.59,1.53,1.41,1.14,0.66,-0.07,-0.45,-0.88,-1.29,-1.54,-1.87,-2.05,-1.61,-0.61,0.63,1.82,2.62,2.71,1.98,1.7,2.1,2.05,2.8,3.72,2.91,3,1.11,-0.9,-2.23,-2.9,-3.37,-4.06
10.33,8.9,8.23,8.78,9.68,9.67,9.45,9.23,8.39,7.41,6.72,6.2,5.42,4.52,4.32,4.73,5.34,5.55,5.6,5.71,5.76,5.53,4.93,4.24,3.66,3.02,2.41,2.14,1.68,0.9,0.9,0.94,0.64,0.22,-0.07,-0.19,-0.32,-0.62,-0.98,-1.27,-1.28,-0.88,-0.31,0.34,0.75,1.19,1.23,0.9,0.59,0.21,0.24,-0.14,-0.39,-0.66,-2.75,-5.7,-7.76,-8.67,-8.92,-8.77,-7.93,-6.22,-4.21,-2.6,-1.71,-1,0.26,1.57,2.43,2.72,2.53,1.93,0.69,0.12,0.28,-0.8,-0.34,-0.26,-2.01
15.18,15.57,15.07,13.47,12.41,11.72,11.39,11.74,11.57,11.15,10.79,10.71,10.32,9.48,8.55,7.89,7.71,7.84,7.9,7.36,6.68,6.29,5.81,5.04,4.15,3.32,2.6,2.14,1.88,1.4,0.99,0.63,0.28,0.06,-0.21,-0.5,-0.78,-1.03,-1.16,-1.22,-1.26,-1.27,-1.18,-0.94,-0.39,-0.18,-0.25,0,-0.13,-0.81,-0.65,-1.59,-0.9,-0.75,-1.84,-3.99,-4.32,-5.45,-6.55,-7.5,-8.48,-8.4,-7.16,-5.75,-4.72,-3.4,-1.92,-0.43,-0.3,1.57,2.17,2.18,1.87,1.11,-0.24,-0.37,-0.38,0.29,0.06
15.75,17.68,19.73,17.11,14.37,13.73,14.07,13.6,12.66,12.06,12.16,12.05,11.09,10.24,9.87,9.71,9.54,9.25,8.83,8.28,7.57,6.78,5.91,4.74,3.41,2.28,1.33,0.63,0.17,-0.06,-0.14,0.05,-0.06,0.1,0.52,0.48,0.5,0.59,0.68,0.62,0.36,0,-0.45,-0.86,-0.98,-0.86,-0.65,-0.43,-0.43,-0.65,-0.88,-1.24,-1.53,-1.34,-1.08,-0.29,0.14,-0.85,-3.09,-4.8,-5.37,-5.34,-5.5,-5.38,-4.8,-3.77,-2.21,-0.38,0.94,1.41,0.89,0.76,1.22,1.52,-0.17,-1.57,-1.78,-0.43,1.63
13.57,14.55,15.89,16.14,10.9,9.73,12.29,13.18,12.46,12.19,12.18,11.51,10.83,10.2,9.07,9.42,11.09,11.89,11.46,10.44,8.98,7.08,5.29,3.75,2.45,1.47,0.8,0.37,0.19,0.17,0.32,0.34,0.44,0.89,1.21,1.26,1.51,1.57,1.18,1,0.72,0.54,0,-0.44,-0.6,-0.49,-0.25,0.2,0.79,1.05,0.63,0.12,-0.15,-0.65,-0.86,-1.08,-0.74,-1.47,-2.07,-2.65,-2.59,-2.67,-2.57,-2.53,-2.61,-2.34,-1.59,-0.17,1.55,2.94,2.67,0.87,-0.14,0.44,0.67,0.65,-1.57,0.16,2.1
12.24,12.25,11.81,12.67,13.44,13.42,11.9,10.74,11.77,12.92,12.92,13.08,13.77,13.49,11.37,8.58,8.59,9.09,8.32,7.41,6.48,5.08,3.74,2.73,1.92,1.16,0.27,-0.34,-0.62,-0.67,-0.62,-0.45,-0.38,-0.09,0.28,0.48,0.94,1.1,1.25,1.36,0.99,0.54,0.05,-0.49,-0.77,-0.83,-0.74,-0.43,0.19,1.05,1.75,1.81,1.42,1.23,0.45,-1.04,-0.82,-2.26,-2.53,-3.24,-4.92,-4.69,-2.65,-0.79,-0.37,-0.52,-0.79,-0.42,0.11,0.6,0.83,0.65,0.48,0.55,-0.56,-1.32,-0.42,0.81,2.16
12.45,12,11.65,12.16,12.57,12.61,13.45,14.67,13.91,13.13,14,13.34,12.54,11.72,9.86,8.93,9.56,9.61,8.35,6.42,4.77,3.43,2.43,1.49,0.42,-0.51,-1.22,-1.62,-1.81,-1.88,-1.95,-1.7,-1.45,-1.24,-0.99,-0.85,-0.76,-0.32,0.07,0.31,0.48,0.5,0.45,0.49,0.52,0.75,1.48,2.62,3.69,4.28,4.58,4.96,4.95,4.55,3.86,2.22,1.74,0.4,-3.98,-9.15,-16.95,-11.83,-10.13,-7.8,-4.81,-3.1,-2.85,-3.21,-3.84,-3.16,0.43,-1.13,-0.03,-1.25,-4.05,-4.87,-2.94,-1.82,-0.66
13.06,12.66,12.68,12.2,11.42,11.09,11.8,12.42,12.85,12.6,11.84,11.68,11.91,10.87,9.46,8.31,8.29,7.98,6.37,4.5,3.16,2.04,0.94,-0.08,-0.97,-1.45,-1.68,-1.9,-2.04,-1.97,-1.76,-1.57,-1.12,-1.1,-0.9,-0.62,-0.19,0.19,0.6,1.18,1,1.07,1.38,1.62,2.2,2.96,3.26,3.01,2.96,3.11,3.42,4.45,5.53,5.92,5.68,5.19,4.47,5.45,4.07,1.01,-0.59,-1.07,-2.27,-2.79,-4.22,-5.17,-4.29,-3.83,-3.53,-1.6,0.32,-1.19,-4.46,-5.23,-4.39,-2.13,-1.43,0.62,2.28
7.97,9.31,10.83,11.15,9.93,9.19,10.39,10.96,11,11.42,11.85,11.83,11.59,11.18,10,9.19,8.11,6.6,4.64,3.01,2.29,1.26,0.18,-0.63,-0.95,-1.16,-1.34,-1.34,-1.2,-0.92,-0.39,0.04,0.2,0.55,0.44,0.42,0.51,0.95,1.27,1.46,1.91,2.44,2.48,2.3,2.07,1.79,1.48,1.16,0.86,1.39,2.52,3.38,3.79,4.62,5.67,4.77,3.91,2.52,-0.8,3.72,6.3,6.61,5.08,4.47,5.2,3.34,-0.61,-1.53,-0.14,0.1,-1.1,-1.72,-2.08,-0.88,1.26,3.61,3.67,3.19,3.74
3.74,5.27,7.63,9.25,9.21,9.31,9.44,10.1,11.21,11.72,12.27,12.68,10.97,9.52,9.27,8.54,7.14,5.41,3.99,3.17,1.58,0.24,-0.19,-0.54,-0.81,-0.89,-1.11,-1.31,-0.89,-0.2,0.71,1.58,2.07,2.12,1.91,1.7,1.78,2.09,2.29,2.43,3.01,3.56,3.6,3.88,4.56,4.98,4.57,3.53,3.33,2.9,1.97,2.15,3.3,4.01,5.05,6.34,7.63,7.15,5,3.16,3.09,2.99,3.14,3.26,3.42,5.1,7.03,4.89,2.07,2.95,3.97,2.73,1.48,1.89,-1.01,1.67,2.32,4.06,6.44
3.19,4.14,6.11,8.61,8.72,8.98,9.97,10.55,11.28,11.88,12.32,11.53,9.94,8.95,7.74,6.58,5.92,5.35,3.93,2.55,1.32,0.73,0.47,0.41,0.56,0.29,0.03,0.22,0.69,1.22,1.8,2.11,2.18,2.21,2.41,2.86,3.1,2.96,2.72,2.94,3.88,4.75,4.91,3.58,1.43,2.52,3.57,4.08,4.27,4.35,3.23,2.46,1.46,1.67,3.67,5.99,7.6,8.83,10.59,11.98,12.43,12.38,11.88,11.14,10.26,8.97,8.47,10.75,10.81,6.26,4.89,7.04,7.25,6.22,5.2,-1.24,0.33,1.77,4.45
5.74,5.76,5.59,8.16,10.14,10.57,10.82,11.61,11.82,10.86,9.9,9.39,8.4,6.89,6.29,4.9,4.6,4.16,2.87,2.07,2.12,1.93,1.71,1.55,1.21,1.15,1.6,2.29,2.41,2.35,2.48,2.81,3.06,3.15,3.16,2.81,2.46,2.57,2.56,1.97,0.64,-1,-1.35,-0.49,-0.4,-0.71,-2,-1.82,-0.74,0.17,1.4,2.5,3.32,3.73,4.16,5.48,7.21,8.48,9.97,11.02,11.6,12.28,13.02,13.2,12.87,12.14,10.91,10.18,12.58,14.23,8.87,4.21,5.48,7.86,9.4,11.58,11.49,8.07,5.42
12.69,11.83,12.42,11.88,12.14,11.88,10.76,11.51,10.91,9.29,7.08,5.18,5.66,5.78,4.85,3.38,2.85,2.71,2.4,2.54,3.29,4.16,4.23,3.7,3.52,3.72,4.21,4.22,3.42,3.12,3.38,3.77,3.67,2.94,2.18,2.16,2.07,0.48,-1.7,-2.5,-1.53,-0.62,-1.66,-1.97,-1.84,-3.22,-4.77,-5.07,-4.58,-3.55,-2.32,-1.16,-0.08,1.11,2.28,3.27,5,7.59,11.09,12.04,10.98,10.9,10.94,11.46,12.08,12.16,11.89,11.97,12.52,15.26,17.09,11.68,6.71,7.44,8.52,8.59,10.28,11.67,14.39
6.57,7.75,8.57,8.74,8.97,8.7,9.14,9.5,7.97,4.47,5.47,3.74,3.3,3.88,4.81,5.47,4.33,3.13,3.42,4.41,4.76,4.28,4.63,5.17,6.05,6.51,6.62,6.14,5.46,5,4.43,3.78,2.97,2.34,1.94,0.5,-1.54,-2.21,-1.28,-1.11,-2.06,-4.15,-6.99,-8.41,-8.8,-9.4,-9.58,-9.59,-8.7,-7.61,-6.06,-4.41,-2.93,-1.35,0.22,1.85,3.03,4.24,5.19,4.67,2.37,1.35,3.81,6.44,7.89,9.11,11.1,13.28,14.9,15.38,17.22,17.41,11.73,9.14,10.23,11.6,13.38,15.41,16.98
2.89,3.72,4.92,6.13,6.08,6.53,7.15,6.87,4.75,5.18,5.22,4.94,3.11,4.47,5.86,6.67,7.3,6.67,6.98,6.34,6.1,5.71,6.05,6.24,6.67,7.59,7.85,7.11,6.57,5.99,5.08,3.77,2.98,2.66,1.2,-0.96,-0.75,-0.5,-2.74,-5.46,-6.92,-8.03,-9.85,-12.75,-14.07,-13.91,-14.66,-14.65,-13.92,-12.93,-10.96,-9.61,-8.22,-6.11,-3.98,-1.9,0.38,2.41,4.49,7.28,10.11,7.63,6.79,7.56,8.55,9.35,9.94,10.93,12.29,13.61,14.7,16.15,14.74,13.12,13.33,14.2,15.51,15.86,15.72
3.68,4.29,5.27,5.86,6.78,5.31,6.29,5.98,4.07,6.44,4.49,3,4.93,6.7,5.83,5.3,6.25,8.07,9.13,9.18,7.35,7.36,8.18,8.94,9.45,9.17,8.17,7.4,7.35,6.68,5.92,4.21,1.99,0.54,1.72,1.65,1.01,-1.1,-4.15,-4.48,-5.35,-7.48,-9.09,-9.98,-10.55,-9.14,-6.94,-10.01,-9.84,-9.38,-9.11,-8.47,-6.56,-5.08,-3.46,-2.09,-1.2,0.17,2.24,4.82,7.5,8.94,8.32,9.44,9.65,9.99,10.3,10.47,11.27,13.64,15.02,14.73,14.82,16.55,17.12,16.61,17.2,17.37,17.18
3.14,3.92,4.27,4.42,5.13,6.43,7.19,6.01,6.33,7.17,5.93,6.35,7.64,8.32,8.33,8.01,8.13,8.12,8.27,9.04,10.17,10.38,8.75,7.29,6.92,6.76,7.23,8.21,8.38,8.04,7.25,6.05,4.54,2.53,2.19,2.36,0.76,0.13,-0.37,-1.17,-2.3,-3.13,-3.95,-4.61,-4.32,-2.91,-0.58,-2.26,-3.05,-1.66,-1.24,-1.14,0.81,0.4,1.04,2.15,2.69,3.32,4.01,5.16,6.41,7.48,6.98,9.14,11.52,12.22,12.96,13.48,12.76,12.02,13.55,16.82,19.29,19.77,18.6,17.82,17.72,17.43,17.35
