echartData/gfs.js
{"header": {"discipline":0,"disciplineName":"Meteorological products","gribEdition":2,"gribLength":133963,"center":7,"centerName":"US National Weather Service - NCEP(WMC)","subcenter":0,"refTime":"2014-11-30T06:00:00.000Z","significanceOfRT":1,"significanceOfRTName":"Start of forecast","productStatus":0,"productStatusName":"Operational products","productType":1,"productTypeName":"Forecast products","productDefinitionTemplate":0,"productDefinitionTemplateName":"Analysis/forecast at horizontal level/layer at a point in time","parameterCategory":2,"parameterCategoryName":"Momentum","parameterNumber":2,"parameterNumberName":"U-component_of_wind","parameterUnit":"m.s-1","genProcessType":2,"genProcessTypeName":"Forecast","forecastTime":6,"surface1Type":100,"surface1TypeName":"Isobaric surface","surface1Value":85000,"surface2Type":255,"surface2TypeName":"Missing","surface2Value":0,"gridDefinitionTemplate":0,"gridDefinitionTemplateName":"Latitude_Longitude","numberPoints":65160,"shape":6,"shapeName":"Earth spherical with radius of 6,371,229.0 m","gridUnits":"degrees","resolution":48,"winds":"true","scanMode":0,"nx":360,"ny":181,"basicAngle":0,"subDivisions":0,"lo1":0,"la1":90,"lo2":359,"la2":-90,"dx":1,"dy":1}, "data":
[rows 70 to 104 of 181, columns 79 to 157 of 360]
-1.92,-2.26,-2.92,-1.79,-0.12,-0.4,-1.37,0.18,0.67,0.6,0.15,0.19,-0.21,-1.29,-4.65,-2.14,-0.61,-3.27,-1.98,-0.91,-0.7,-0.93,-1.93,-1.14,-1.53,-4.37,-3.66,-1.69,-1.75,-3.84,-5.18,-3.67,-1.85,-2.04,-1.88,-1.18,-0.73,-0.2,0.45,1.03,1.01,-1.33,-1.96,-0.22,0.92,1.2,0.79,0.39,-0.02,0.78,1.33,0.8,-0.39,-1.54,-2.79,-4.13,-5.19,-6.2,-6.67,-6.57,-6.29,-5.91,-5.62,-5.48,-5.12,-4.96,-4.6,-2.92,-1.39,-0.09,0.18,-0.62,-1.38,-2.9,-4.13,-4.77,-5.43,-6.41,-6.53
-3.98,-5.2,-4.16,-3.74,-2.44,-1.17,-0.1,-1.61,-0.41,0.73,0.71,1.17,1.02,0.66,-0.77,-2.33,2.83,-2.24,-1.21,-0.93,-0.82,-0.77,-0.3,0.53,-1.05,-3.66,-4.07,-3.98,-6.07,-5.64,-4.04,-4.6,-3.77,-3.46,-3.11,-2.95,-3.05,-2.36,-0.27,1.63,1.25,1.37,-0.04,-0.9,-2.12,-1.59,-1.75,-2.07,-1.8,-0.77,-0.32,-0.13,-0.65,-1.52,-2.78,-4.46,-5.62,-6.57,-7.27,-7.16,-6.84,-6.58,-6.27,-5.62,-4.63,-3.28,-1.82,-2.02,-3.22,-3.99,-4.97,-5.34,-5.54,-5.26,-5.2,-5.14,-5.43,-6.34,-7.15
-5.12,-3.86,-6.52,-1.82,-0.26,-2.43,-3.45,-2.01,-0.51,0.51,1.32,2.06,2.92,3.61,3.74,1.87,3.08,1.57,-0.72,-0.38,1.83,-0.06,0.47,1.77,-2.76,-3.25,-4.34,-6.95,-8.43,-9.03,-8.29,-7.67,-5.71,-5.29,-5.79,-6.1,-6.56,-6.18,-4.53,-0.9,0.64,0.04,-0.79,-1,-3.61,-4.06,-3.55,-2.7,-2.91,-2.84,-3.33,-3.44,-3.1,-3.14,-3.78,-5.23,-6.12,-6.88,-7.36,-7.16,-6.61,-5.78,-4.78,-3.88,-3.3,-3.54,-4.94,-5.76,-5.94,-6.6,-6.63,-5.97,-4.77,-4.15,-4.03,-4.09,-4.17,-4.67,-5.33
-5.32,-4.36,-2.83,-2.72,-5.92,-6.02,-3.83,-2.62,-1.45,-0.21,1.32,2.85,4.21,4.85,4.93,4.09,5.27,4.26,3.19,-0.45,2.76,2.43,-0.84,1.79,1.43,-4.04,-2.31,-8.89,-6.25,-6.97,-6.88,-7.43,-7.5,-6.86,-7.92,-8.33,-7.77,-7.09,-8.15,-9.06,-6.22,-2.65,-2.09,-3.04,-4.95,-4.89,-5.14,-5.22,-6.03,-6.12,-5.54,-5.51,-5.31,-5.41,-5.88,-6.82,-7.2,-7.33,-7.29,-7.23,-7.17,-7.03,-7.27,-7.78,-8.04,-8.03,-7.95,-7.31,-6.69,-5.97,-5.2,-4.77,-4.99,-4.78,-4.22,-3.72,-3.46,-4.16,-4.23
-5.04,-3.62,-3.62,-7.15,-5.58,-4.68,-3.58,-2.41,-1.28,0,1.22,2.13,2.8,3,2.44,1.95,2.25,1.44,0.27,-1.45,0.2,1.55,-2.61,-1.08,-1.87,-1.33,-2.8,-6.65,-4.41,-4.78,-5.43,-5.94,-6.58,-6.53,-6.83,-7.92,-8.45,-9.3,-10.92,-11.98,-9.87,-8.18,-4.44,-5.75,-6.61,-6.76,-6.87,-7.03,-7.43,-7.48,-7.35,-7,-7.26,-7.59,-7.99,-8.2,-8.04,-8.09,-8.59,-9.32,-10.18,-10.66,-10.75,-10.37,-9.66,-9.03,-7.97,-6.75,-5.93,-5.75,-5.92,-5.76,-5.05,-5.51,-5.1,-4.87,-5.29,-5.85,-6.84
-4.39,-6.12,-6.89,-5.61,-5.27,-4.95,-4.65,-4.11,-3.27,-2.39,-1.72,-1.31,-1.12,-1.01,-0.86,0.13,1.24,1.2,-0.14,-1.95,-0.65,-0.03,-2.2,-1.61,-3.05,-0.09,-3.23,-3.2,-3.58,-2.77,-4.57,-4.97,-4.89,-4.75,-5.08,-4.86,-5.47,-6.32,-6.92,-6.73,-10.23,-9.24,-8.83,-8.04,-7.17,-7.54,-7.41,-7.46,-7.11,-7.5,-8.48,-8.76,-8.83,-8.89,-8.69,-8.78,-9.43,-9.88,-10.52,-11.46,-11.43,-11.03,-10.84,-10.5,-9.54,-8.35,-7.5,-6.86,-6.61,-6.02,-5.18,-4.82,-6.35,-6.68,-6.9,-7.81,-8.39,-8.79,-8.95
-5.94,-6.9,-7.06,-7.57,-7.62,-7.64,-7.01,-6.29,-5.78,-5.42,-4.99,-4.4,-3.83,-3.09,-1.83,-0.59,0.19,0.22,-0.87,-2.16,-0.44,-1.1,-0.9,-1.58,-1.21,0.13,-1.91,-3.2,-6.68,-6.61,-3.46,-3.28,-3.73,-3.18,-3.09,-3.76,-3.12,-3.13,-2.86,-6.36,-8.61,-8.2,-8.88,-7,-7.04,-7.48,-7.43,-7.57,-7.54,-8.22,-8.7,-9.24,-9.22,-8.68,-8.71,-9.58,-10.74,-10.87,-10.92,-10.64,-10.47,-10.76,-10.88,-10.08,-8.68,-7.58,-6.91,-6.17,-5.53,-5.13,-5.61,-7.05,-8.22,-8.1,-8.45,-8.37,-8.67,-9.32,-10.07
-5.46,-8.5,-9.9,-9.56,-9.39,-8.83,-7.58,-6.55,-5.8,-5.18,-4.9,-5.03,-4.62,-3.5,-2.83,-2.11,-2.02,-1.62,-1.9,-1.07,-2.04,0.02,-1.64,-2.99,-1.19,0.58,1.22,-2.61,-3.4,1.16,1.9,0.63,-0.93,-0.29,-1.02,-3.06,-2.13,-4.92,-5.69,-6.73,-8.03,-10.06,-6.18,-7.87,-6.61,-7.26,-7.4,-7.74,-7.44,-8.17,-8.59,-8.98,-9.11,-9.05,-9.62,-10.53,-10.95,-10.53,-10.42,-10.36,-10.51,-9.69,-8.34,-7.62,-7.47,-7.54,-7.41,-6.95,-6.76,-7.29,-7.61,-8.33,-8.94,-8.52,-8.68,-8.73,-9.33,-10.23,-10.86
-7.75,-11.75,-12.73,-12.15,-11.21,-9.96,-8.71,-7.32,-6.69,-6.06,-5.57,-4.89,-4.55,-4.6,-3.26,-2.96,-3.56,-3.01,-2.55,-1.39,-1.3,-1.31,-2.03,-3.61,-2.47,0.99,2.59,3.66,4.39,1.29,0.6,0.44,2.05,1.94,1.9,-0.2,-2.06,-1.93,-3.33,-6.16,-6.24,-5.77,-8.38,-10.89,-8.17,-7.42,-8.2,-8.22,-8.19,-8.52,-9.07,-9.68,-9.89,-10.15,-10.67,-10.67,-10.46,-10.82,-11.04,-10.38,-9.21,-8.65,-8.58,-8.76,-8.88,-8.8,-8.91,-9.2,-8.78,-8.59,-8.57,-9.29,-9.67,-9.19,-9.01,-9.39,-9.81,-10.42,-10.89
-9.63,-12.41,-11.19,-9.19,-8.01,-7.52,-6.73,-6.22,-6.19,-5.81,-4.57,-5.21,-5.62,-4.74,-3.34,-2.92,-3.83,-3.6,-3.23,-2.7,-1.19,-1.41,-2.5,-3.81,-3.55,-2.74,1.87,6.02,7.34,3.82,1.62,2.71,4.02,2.75,2.91,2.35,-0.08,-0.66,-1.06,-1.77,-4.51,-5.92,-6.73,-6.87,-8.16,-8.31,-8.72,-8.65,-8.91,-8.74,-9.56,-10.34,-10.77,-10.94,-10.49,-11.14,-11.47,-11.45,-10.44,-9.78,-9.48,-9.45,-9.75,-10.19,-10.38,-10.48,-11.07,-10.72,-9.56,-9.53,-9.73,-10.21,-10.13,-9.94,-10.06,-10.1,-9.97,-10.37,-10.81
-9.32,-8.55,-7.57,-8.35,-7.41,-5.67,-4.71,-5,-5.22,-6.12,-5.17,-4.59,-4.5,-3.68,-3.13,-2.58,-2.78,-3.1,-3.5,-2.56,-1.9,-0.11,-0.19,-0.52,-0.67,-1.82,-0.84,1.86,5.07,4.64,3.95,4.92,4.39,2.89,2.64,2.92,2.17,0.01,-0.74,-1.72,-2.9,-5.1,-6.84,-7.58,-8.43,-9,-9.01,-8.79,-8.76,-8.78,-9.38,-9.83,-9.88,-10.41,-9.55,-10.57,-10.23,-9.48,-8.78,-9.26,-9.55,-9.4,-10,-11.04,-11.58,-11.58,-11.69,-10.97,-10.33,-10.07,-10.13,-10.48,-10.55,-10.88,-11.34,-11.41,-11.35,-11.5,-11.63
-7.99,-4.74,-3.92,-2.73,-2.24,-0.96,-0.33,-1.68,-2.98,-3.84,-4.18,-4.35,-4.23,-4.08,-3.78,-2.76,-1.85,-1.55,-1.64,-1.84,-2.46,1.13,0.29,0.27,0.37,0.61,1.24,2.31,3.94,4.43,5.21,4.87,3.18,2.73,3.14,3.48,3.5,2.18,1.17,-1.18,-2.57,-3.59,-4.82,-5.5,-5.86,-5.67,-4.15,-5.73,-7.89,-8.31,-8.77,-8.92,-9.32,-9.34,-8.87,-8.51,-8.44,-8.41,-7.77,-8.3,-8.99,-8.68,-9.57,-11.22,-11.66,-11.06,-11.65,-11.63,-11.13,-10.24,-9.86,-10.4,-11.22,-11.93,-12.24,-11.57,-11.69,-12.04,-11.97
-4.39,-0.21,3.84,4.64,4.12,1.28,-0.39,-0.24,-0.23,-1.34,-1.86,-2,-2.11,-2.84,-3.56,-3.02,-1.76,-0.4,-0.18,-0.37,-1.39,-0.18,1.94,0.15,0.42,0.7,2.08,3.34,3.98,5.21,5.02,3.24,2.27,3.48,4.76,4.22,4.17,4.38,3.38,1.65,-0.51,-1.92,-2.57,-2.05,-2.05,-3.07,-4.15,-6.66,-6.64,-7.68,-7.89,-8.34,-8.21,-7.69,-7.01,-6.57,-7.31,-8.2,-7.9,-7.48,-7.98,-8.4,-8.95,-10.42,-10.74,-10.87,-11.66,-11.3,-10.92,-10.45,-9.95,-10.51,-11.29,-10.74,-9.17,-8.99,-9.94,-10.71,-11.14
0.61,1.12,1.13,4.35,3.65,0.82,-0.6,-0.38,1.41,2.31,1.45,0.81,0.34,0.23,-1.1,-2.07,-1.84,-1.19,-0.43,-0.91,-1.96,-1.24,1.35,-0.92,-1.69,-1.22,-0.43,0.88,2.51,3.06,2.63,2.76,3.49,4.68,5.2,4.96,4.62,5.13,6.96,5.47,3.44,-0.03,-2.13,-3.73,-4.06,-4.19,-2.63,-2.41,-6.74,-7.55,-7.62,-7.72,-7.82,-7.88,-7.23,-6.91,-7.52,-9.27,-8.88,-8.42,-7.47,-8.16,-9.03,-9.45,-9.79,-10.66,-11.57,-10.41,-10.12,-9.45,-9.55,-10.23,-8.91,-8.37,-9.15,-9.71,-11.2,-11.96,-12.03
3.58,4.31,0.52,0.45,2.19,3.34,4.2,4.75,4.75,5.15,4.58,3.97,3.61,2.58,2.19,0.96,-0.33,-0.37,0.09,0.58,-0.46,-1.23,-0.68,-0.03,-0.45,-0.95,-1.62,-1.39,-0.25,1.74,4.38,6.34,6.64,5.98,5.95,6.72,6.83,7.39,3.35,4.54,5.1,3.14,0.2,-2.44,-2.99,-1.41,-2.77,-6.15,-7.17,-7.92,-8.08,-8.18,-8.58,-7.81,-6.56,-6.85,-7.36,-8.37,-8.25,-7.77,-7.59,-8.04,-8.22,-8.31,-8.89,-9.36,-10.7,-10.44,-10.78,-10.69,-11.06,-10.28,-10.48,-11.13,-11.98,-11.35,-12.17,-12.79,-13.07
4.55,6.28,6.01,6.23,7.27,7.91,8.06,8.2,8,7.02,6.65,5.86,5.75,5.16,4.18,3.87,2.3,0.05,1.53,2.35,2.17,-0.04,-0.68,-0.51,-0.51,-0.45,-1.02,0.11,2.13,3.68,4.2,4.72,5.99,6.84,7.75,7.82,6.42,6.1,3.24,2.81,3.52,3.25,2.74,2.15,-0.44,-2.34,-4.9,-4.95,-7.41,-7.22,-6.88,-7.77,-7.84,-7.12,-5.77,-4.48,-5.98,-6.83,-7.26,-6.99,-6.97,-7.13,-7.45,-6.86,-7.89,-7.35,-8,-9.47,-10.02,-10.52,-11.4,-10.59,-11.72,-10.86,-8.75,-8.83,-10.97,-16.35,-19.83
4.72,6.67,7.31,8.08,9.19,10.1,10.56,10.43,10.11,9.9,9.72,8.62,7.97,6.82,6.33,5.46,4.01,1.07,0.97,2.37,3.1,0.84,-0.69,-0.44,-0.49,1.08,0.75,0.69,1.35,2.15,3.94,6.46,8.51,9.53,8.55,7.03,1.81,2.91,2.67,2.45,1.15,1.6,2.54,3.33,2.47,0.22,-1.83,-2.8,-4.34,-4.42,-3.86,-4.96,-4.98,-4.59,-4.53,-4.33,-3.3,-3.67,-4.66,-5.09,-5.08,-5.17,-5.83,-5.65,-5.76,-5.83,-6.82,-9.4,-9.06,-8.49,-9.31,-9.67,-9.51,-9.57,-8.72,-7.81,-8.55,-10.15,-16.77
5.9,7.36,8.87,10.84,12.55,13.39,12.77,12.3,12.3,11.81,11.86,10.84,10.53,9.28,7.88,6.98,5.29,3.84,3.33,1.94,1.68,1.72,0.7,-0.44,0.64,3.19,3.42,3.48,3.37,3.99,6.24,6.49,6.93,7.38,6.49,3.48,2.05,1.26,1.55,2.79,1.84,2.63,2.99,2.93,2.98,2.31,0.8,0.77,0.01,-1.63,-0.95,-2.68,-2.42,-1.98,-1.49,-1.77,-2.63,-2.14,-1.84,-2.08,-2.5,-2.65,-2.8,-3.62,-4.35,-4.05,-3.41,-4.24,-4.87,-2.69,-2.27,-2.56,-3.39,-4.43,-5.14,-4.96,-3.51,0.11,7.8
9.63,11.22,12.47,13.03,12.82,12.8,12.61,11.99,11.74,11.23,11.12,10.1,9.94,9.82,9.5,8.55,7.44,7.09,6.95,4.17,1.63,1.4,4.49,2.65,1.39,1.87,2.35,3.16,3.85,5.04,6.45,8.49,6.21,5.96,5.9,1.89,2.03,1.34,1.87,2.83,3.21,2.88,2.94,3.32,3.9,3.43,4.25,3.21,3.2,2.77,2.13,1.58,1.67,1.28,1.1,1.65,1.6,-0.1,-0.4,-0.24,-0.33,-0.73,-0.62,-1.3,-1.94,-1.77,-0.48,0.6,0.93,2.62,4.52,5.36,2.23,0.11,-1.68,-1.67,2.59,5.57,7.15
10.56,11.26,12.23,12.14,12.61,12.72,12.45,11.61,10.88,11.27,10.68,9.95,9.74,9.5,8.5,7.35,8.34,8.78,8.43,8.07,6.68,3.16,3.24,4.98,4.76,3.45,2.34,2.18,4.21,4.87,5.54,7.42,7.83,7.44,3.89,2.1,2.48,0.32,0.84,1.64,2.49,2.71,1.19,3.14,4.39,5.5,5.72,5.78,4.17,5.16,3.9,4.3,3.84,2.51,4.24,4.59,4.85,3.99,2.57,2.19,1.96,1.16,0.71,-0.85,-1.83,-1.85,-0.61,1.66,4.02,6.88,10.47,11.38,11.32,10.7,11.4,11.36,7.72,8.85,7.87
11.42,12.26,13.13,12.8,12.12,12.4,11.63,10.78,10.34,10.4,10.26,9.8,9.07,8.87,7.72,6.98,9.21,10.28,9.3,8.99,9.16,5.77,3.01,3.42,5.34,4.49,3.11,4.78,7.13,5.97,8.57,8.4,8.11,5.3,2.1,2.57,2.32,1.59,2.55,1.89,2.14,3.47,2.85,1.12,3.52,3.74,3.79,5.51,5.94,7,4.58,3.15,3.41,3.78,3.92,2.65,3.47,4.33,4.69,4.95,4.73,5.16,4.46,3.35,2.25,1.85,3.96,6.04,7.44,8.62,10.29,11.72,10.42,10.37,9.51,7.69,5.54,5.22,2.55
11.87,12.3,11.79,11.93,11.33,11.67,10.93,10.02,10.11,9.98,9.97,10.43,10.12,8.83,6.98,6.07,8.86,10.46,9.56,9.24,8.97,8.78,3.91,2.03,4.25,5.38,7.28,7.37,4.58,7.45,8.96,6.61,5.66,3.73,2.61,3.44,1.97,3.22,3.05,1.48,1.45,2.22,4.25,4.16,4.21,5.14,5.2,4.63,5.81,6.56,7.12,6.36,5.5,4.27,0.9,0.02,1.37,3.47,6.02,7.22,7.71,8.8,9.35,8.86,8.32,7.71,7.68,8.11,7.62,8,9.33,7.73,6.91,6.44,5.64,4.35,3.23,1.79,-0.14
10.79,11.34,11.68,11.81,10.99,10.31,9.66,9.01,8.94,9.2,9.29,9.65,9.78,8.68,7.18,5.5,6.52,8.88,8.78,8.53,7.55,7.19,6.32,3.57,5.08,5.5,6.54,5.53,7.33,10.08,5.6,1.91,2.67,3.19,4.18,3.54,1.85,3.07,2.96,2.19,0.98,1.14,0.76,1.6,2.63,3.7,4.94,5.46,5.75,5.27,5.64,5.35,6.01,5.22,5,6.26,6.51,7.02,9.18,10.55,8.96,8.73,10.56,11.07,10.51,10.38,9.34,8.92,7.71,5.76,3.84,3.39,4.32,4.13,3.62,2.05,0.78,0.59,0.18
10.63,11.33,11.23,10.62,9.95,8.81,8.24,8.18,8.06,8.32,8.62,8.59,8.24,8.02,6.68,6.14,4.38,4.75,6.72,7.14,5.6,6.59,7.75,7.8,6.23,6.7,4.66,7.3,9.85,6.55,2.49,1.61,3.82,3.17,2.9,2.5,2.26,2.14,3.78,3.6,1.32,-0.94,0.78,1.1,2.26,3.79,4.26,4.15,5.45,6.04,6.11,4.66,5.2,3.94,1.88,3.23,3.94,3.32,4.73,4.65,4.4,3.98,6.02,7.45,9.08,9.59,9.12,7.8,4.7,2.43,1.01,0.17,0.51,0.75,1.08,0.53,1.99,3.23,3.6
9.54,9.73,10.09,9.12,8.33,8,8.15,8.59,8.75,8.94,8.85,8.16,7.8,7.3,6.51,6.19,4.78,4.62,5.49,6.21,6.86,7.53,8.4,10.88,7.97,5.47,9.13,10.04,9.66,4.17,2.14,2.86,0.95,1.55,1.75,1.35,1.18,2.21,4.19,4.51,4.4,5.43,2.89,2.62,2.67,3.11,2.76,3.4,2.58,2.57,4.18,4.17,2.51,0.78,1.1,1.44,0.34,-1.25,0.79,0.35,-0.91,2.01,3.78,3.83,4.94,4.45,3.88,3.58,1.28,1.5,-1.91,-2.09,-1.63,-1.69,-0.7,-1.27,-1.49,-1.52,0.47
7.01,7.54,8.34,8.46,8.27,8.49,8.25,8.15,7.94,8.08,8.39,8.46,7.91,6.9,6.35,6.25,5.22,4.28,4.93,5.5,6.02,5.51,5.75,6.51,8.82,9.35,10.19,9.84,5.92,3.5,3.42,2.14,0.04,1.73,1.53,1.02,0.97,1.49,2.24,3.34,3.72,2.54,2.5,3.08,4.32,3.29,3.37,2.93,4.59,5.25,4.5,4.48,4.09,2.84,1.48,1.22,-0.14,0.05,1.36,2.06,2.53,0.25,1.17,0.3,0.15,-0.64,-0.37,-0.78,-0.12,-4.24,-3.57,-2.85,-1.06,-1.35,-1.92,-1.43,-0.66,-1.91,-0.65
5.27,5.48,6.17,7.24,8.09,8.39,8.17,8.1,8.09,7.76,7.8,7.79,8,6.76,5.77,5.57,5.64,5.03,4.89,4.84,4.56,4.63,5.92,6.36,7.48,8.73,10.12,9.61,3.28,2,3.81,-0.07,-0.33,-1.08,-0.81,0.32,1.05,1.31,1.47,1.6,2.93,3.7,4.21,3.86,3.74,3.2,3.32,3.18,3.39,3.35,3.23,3.25,3.14,2.33,0.67,0.96,0.31,-0.66,-2.97,-2.98,-0.88,-0.5,-0.11,-0.75,-0.25,1.05,0.71,-1.71,-1.06,-2.05,-3.11,-5.43,-4.2,-3.06,-2.5,-2.51,-1.64,-2.01,-0.89
2.94,3.78,5.17,6.7,7.63,7.94,8.06,8.66,9.37,9,9.01,8.07,7.4,6.63,5.21,5.2,5.44,4.99,4.93,5.01,4.24,3.97,4.59,5.94,6.49,7,5.55,4.01,2.05,2.5,2.3,0.77,0.38,-2.09,-2.01,-1.87,-1.63,-1.67,-0.82,1.02,2.46,3.87,3.41,2.03,1.48,1.62,1.59,1.54,1.64,1.17,0.32,-0.43,-0.28,-0.03,0.72,0.94,-0.01,-1.11,-3.25,-3.49,-1.45,-0.43,-1.13,-0.71,-0.66,0.65,0.31,1.44,0.03,-0.95,-2.54,-4.73,-3.77,-3.1,-2.92,-2.9,-2.04,-2.26,-1.53
3.53,3.75,4.04,4.96,6.09,7.59,8.87,9.93,10.69,10.15,9.52,8.92,7.53,6.12,5.59,4.58,4.17,3.37,2.92,3.91,4.42,4.36,4.46,3.77,3.93,3.67,2.24,1.81,1.64,2.6,2.57,2.3,2.06,-0.56,0.17,0.37,-1.04,-2.16,-1.83,-0.41,0.92,1.59,0.97,0.18,0.1,-0.86,-0.51,-0.42,0.51,0.5,-0.71,-1.52,-0.96,-0.56,0.75,0.05,-0.47,-1.23,-2.24,-2.92,-1.41,-1.61,-1.93,-1.35,-0.96,1.11,1.06,1.23,0.37,-0.61,-2.36,-4.48,-4.86,-2.59,-2.99,-2.76,-2.35,-3.04,-2.56
2.2,2.05,2.82,3.62,4.41,5.87,7.62,8.71,8.93,9.3,10.12,8.91,7.82,5.71,4.91,3.9,3.23,3,2.72,2.78,2.94,3.32,2.44,1.86,2.56,1.86,1.83,1.95,1.11,1.46,1.23,0.64,1.1,0.25,-0.68,-0.76,-0.58,-0.53,0.23,0.86,0.92,0.26,0.22,0.26,-0.24,-0.31,-0.6,-0.85,-0.3,-0.97,-1.14,-1.09,-0.8,-0.17,-0.09,-0.62,-0.59,-0.48,-0.91,-1.12,-1.95,-2.34,-1.4,0.77,0.51,-1.67,-2.14,-0.58,1.27,0.01,-0.16,-3.8,-3.83,-3.63,-2.91,-3.21,-3.08,-3.78,-4.06
0.16,0.45,0.01,-0.61,1.14,4.06,6.39,7.08,7.43,8.51,9.11,8.44,5.64,5.09,3.73,3.33,2.55,2.22,2.05,1.93,2.57,2.22,1.65,2.6,2.16,1.93,2.9,1.45,1.16,0.64,0.32,-0.01,0.13,-0.11,-0.4,-0.59,-0.2,-0.33,-0.83,-0.33,-0.58,-0.75,-0.67,-1.55,-2.18,-2.14,-0.76,-1.07,-1.95,-2.77,-2.29,-1.43,-0.68,-0.77,-0.72,-0.29,0.28,0.47,0.22,-1.08,-3.16,-3.66,-4.62,-4.4,-3.32,-3.75,-3.9,-2.94,-1.56,0.81,0.28,-1.25,-2.84,-2.91,-2.99,-3.23,-3.71,-3.69,-3.85
-2.21,-1.82,-2.02,-2.15,-0.94,1.18,4.68,6.59,7.3,6.45,5.76,4.9,3.31,2.67,2.34,1.34,1.08,1.31,1.47,1.7,1.86,1.23,0.63,0.37,1.03,1.97,1.54,0.99,1.07,0.73,0.34,0.07,0.06,-0.71,-1.02,-0.84,-0.82,-0.75,-1.46,-1.46,-1.96,-2.05,-1.89,-1.67,-2.25,-2.82,-3.9,-3.8,-3.9,-4.44,-4.74,-4.61,-3.18,-2.69,-2.12,-0.68,0.06,0.39,-0.03,-2.42,-4.34,-5.15,-5.65,-4.36,-3.87,-4.29,-5.14,-5.33,-4.61,-4.38,-3.72,-1.86,-1.3,-2.2,-3.18,-3.05,-3.62,-3.71,-3.68
-4.57,-3.12,-1.76,-2.31,-2.01,-1.66,-0.2,1.41,2.78,2.46,1.2,-0.31,0.6,-0.15,-0.01,-0.25,0.17,0.63,0.96,1.19,1.53,1.72,1.4,0.75,0.27,1.09,-0.26,0.37,0.85,0.79,0.62,0.63,0.1,-0.34,-1.17,-1.83,-2.19,-2.57,-2.98,-2.78,-2.68,-2.79,-3.01,-2.4,-2.28,-3.58,-4.93,-4.95,-4.61,-4.54,-4.66,-4.65,-3.74,-2.43,-1.43,-0.85,-1.15,-0.85,-1.38,-3.52,-4.77,-5.91,-5.99,-4.58,-6.83,-6.88,-5.95,-5.34,-5.13,-4.17,-3.07,-2.38,-2.12,-2.1,-2.84,-3.08,-3.57,-3.58,-3.39
-5.53,-4.87,-3.75,-4.22,-3.99,-3.74,-5.04,-4.3,-6.59,-8.15,-5.48,-3.4,-2.56,-2.06,-1.84,-1.34,-0.28,0.49,0.27,0.47,1.53,1.64,0.5,-0.26,-0.03,0.47,-0.61,-0.08,-0.12,0.02,0.44,0.15,-0.31,-0.66,-0.85,-1.61,-2.3,-2.92,-3.42,-3.45,-3.29,-3.98,-3.54,-3.12,-2.84,-3.24,-4.45,-5.14,-5.07,-4.63,-4.59,-3.85,-2.62,-0.12,0.84,2.32,0.31,-0.81,-1.7,-3.62,-4.63,-5.63,-6.72,-4.44,-8.74,-9.48,-9.11,-7.66,-6.23,-4.94,-4.28,-4.19,-4.33,-3.83,-3.77,-3.61,-3.69,-3.69,-4.54
-4.7,-5.05,-4.92,-5.32,-6.06,-6.25,-6.71,-6.48,-7.74,-7.54,-6.75,-5.7,-4.1,-4.14,-3.36,-2.62,-2.26,-1.36,-0.14,0.36,0.07,-0.34,0.38,1.6,1.83,1.57,0.08,0.02,-0.52,-0.78,-0.79,-0.77,-0.83,-1.39,-1.13,-1,-1.63,-2.28,-3.11,-3.46,-3.21,-3.76,-3.62,-3.16,-2.8,-3.37,-3.68,-2.51,-1.29,-2.13,-3.18,-3.17,-2.96,-2.31,-2.03,-2.11,0.34,-0.52,-1.34,-3.66,-6.21,-7.03,-6.33,-4.33,-7.7,-9.33,-9.2,-7.34,-6.03,-4.8,-4.56,-4.71,-4.52,-4.76,-4.73,-4.41,-4.27,-4.97,-5.13
